2.084863244441109931e+00 -1.713366854076727452e-01 -3.004074119006275301e-01 2.714788849167457455e-02 -3.412966547470075700e-03 2.750475347788925579e-02 1.005940923950620659e-02 4.448177831867883812e-03 1.961189349667839116e-02 2.698542688678214237e-03 -1.101057471009540649e-02 5.093902529023178194e-02 2.667614913759481718e-02 -2.221748086445844012e-02 -7.275942217942504191e-04 -7.689078453638395309e-03 1.428788478699826413e-02 1.275098632044439559e-02 -8.252713438063299023e-04 1.512443014437220550e-03 -8.932337145803454642e-03 -6.360584686551238459e-03 4.510685507748299523e-03 -5.945361188950558026e-04 7.325716757569983219e-04 8.711356490454343765e-03 -8.071187539928411508e-03 2.268473588134534147e-03 -9.680949305519440801e-03 1.223124113183035079e-02 1.622669043745554596e-02 -5.190556467168533708e-03 3.407438992840977230e-04 2.213199205642798692e-03 -5.987552514498713750e-03 3.122481951711400961e-03 3.760798934725519301e-03 -3.511323640974294696e-02 2.278437677059134275e-02
-1.713366854076727452e-01 5.002634837454063010e-01 5.842323927021692009e-01 -6.210051199297841884e-02 3.474601305687099236e-03 -5.798826129170768506e-02 -4.615037885785958777e-02 -4.231660531756662076e-03 -5.318144710570429229e-02 -4.244528330017973035e-03 2.624791631219919666e-02 -6.741748351945713036e-02 -5.582525164910968896e-02 4.422779508262912607e-02 -3.178842568545323208e-04 5.463229963595506340e-03 -2.356184264059520486e-02 -2.877514854660238180e-02 4.825252418935629928e-04 -3.195548500120789712e-03 2.023243110094998312e-02 9.230902349204940169e-03 -7.323231622532788698e-03 1.695413463911035453e-03 -4.234122656083112203e-03 -1.540446019812794984e-02 1.818695133131329258e-02 -4.144086285868359316e-03 1.964820924448018244e-02 -2.374751207825559832e-02 -3.660264434220469876e-02 6.730021351615103446e-03 -2.411459231618667733e-03 -3.480265237193265644e-03 1.298010871091409384e-02 -4.327718525435510569e-03 -9.962687298462453989e-03 7.600925879235238825e-02 -4.000256997436759526e-02
-3.004074119006275301e-01 5.842323927021692009e-01 7.109801183229180754e-01 -1.226856112580805430e-01 2.469582908146959396e-02 -1.799571644134281834e-01 -8.955153976529894866e-02 1.787277598781269322e-02 -1.348248076226596093e-01 -2.794733747402403188e-03 1.658987607405885273e-02 -8.613214861189544269e-02 -4.066698600187437784e-02 3.249184845078510742e-02 -1.234220008928487572e-03 7.194603758990277681e-03 -3.699417388384091537e-02 -5.274504571810866016e-02 1.092992412534510662e-04 -3.142392715282931771e-03 3.400507254208984254e-02 6.906381017566388947e-03 -8.887847663976862142e-03 4.467303312287024090e-03 -1.332211618821857110e-02 -1.956120705708270721e-02 3.483733658943461570e-02 5.365226351808866610e-03 4.744017724418276433e-02 -3.463084710573197805e-02 -6.185795290444611599e-02 4.284817298106466388e-03 -5.749179222395551722e-03 -3.089127563567091971e-03 2.527577438366741119e-02 -3.484305106249240350e-03 -1.864784966982169917e-02 4.008360588271168284e-02 -6.954910955446247378e-02
2.714788849167457455e-02 -6.210051199297841884e-02 -1.226856112580805430e-01 6.732804999856606409e-01 1.173796277997136567e-01 -1.710484846426483380e-02 4.765103545789967088e-01 1.130901936444744654e-01 -1.612490365176892995e-02 -1.989199641316237097e-02 1.332855155883803377e-01 9.062874579965693456e-02 -2.137614720679143487e-01 1.873517573703159522e-01 -2.350014606599170729e-03 2.166959285303033528e-02 7.913468757158842459e-02 4.163638091295757820e-02 7.545294436249338869e-03 -3.468963809016909622e-02 -1.836620453558611976e-01 7.116077891593955429e-02 1.807174434401045623e-02 -1.906382078895086296e-03 4.305674196984914798e-02 8.309250543115592746e-02 -1.395384447483310683e-02 -3.407169703180447395e-04 -2.021498675424631200e-02 5.675014691565387348e-03 2.885415746618184493e-02 4.586836205595599958e-02 1.163245095777125648e-01 -1.892699363708919003e-02 -1.797101749535271950e-02 -2.030934461453958936e-02 2.639887957271571522e-03 1.878552753309666382e-02 1.052730955163860317e-03
-3.412966547470075700e-03 3.474601305687099236e-03 2.469582908146959396e-02 1.173796277997136567e-01 6.636907160258010974e-01 -1.073369929701678410e-01 1.401223293413946802e-01 4.298366389843271684e-01 -1.321565608519354174e-01 1.402633858336857497e-02 -1.011533920668576253e-01 -7.917229124695804310e-02 1.781895511627309692e-01 -1.185749189372061890e-01 -4.023861875030828282e-03 1.046210055692654850e-01 -4.555134849972781313e-02 -4.461731564647954118e-02 3.728676846743234768e-03 -2.675050428395679691e-02 -1.054393806213692331e-01 2.770350764361980897e-02 1.184063821030493027e-02 -5.228328894742095487e-04 -3.072207619795171846e-02 6.846761285986838197e-02 3.000130672021248529e-02 5.393064307341437214e-02 1.099261353200160357e-01 2.098133955747994578e-02 2.583007516555842556e-02 3.365287884593654629e-03 6.732398745785833638e-02 -1.531957727178736737e-03 3.260834674745655831e-02 -5.349754644717334175e-03 -4.665239763100692723e-03 1.837817177169634164e-01 9.970114488838696665e-02
2.750475347788925579e-02 -5.798826129170768506e-02 -1.799571644134281834e-01 -1.710484846426483380e-02 -1.073369929701678410e-01 6.613045088310082198e-01 -1.877246273278425229e-03 -1.431703386001847711e-01 4.280099689467789514e-01 -9.146142941841105658e-04 1.472146393380969207e-03 -5.899593051100835220e-03 -1.096796364171554426e-02 9.405649618502274654e-04 6.068133134035643556e-03 -3.544145117058300400e-03 1.388227330718859107e-02 9.086289600285754608e-02 -5.670683468696469370e-04 1.125589006536062767e-02 1.564437870288279755e-02 -1.023841810300756168e-02 -4.954863387417239237e-03 -1.395604324494990195e-02 2.538419786053615346e-02 -2.271749337824499615e-02 -7.210814161565728964e-02 -5.321240835815015807e-02 -1.240901588345244416e-01 4.284124369636392593e-02 1.057386249086351981e-01 -1.758417949618819526e-03 -3.248149748946830423e-02 3.805872323469549397e-03 -4.865191707918599395e-02 5.771023613017802877e-04 4.087400923746935255e-02 2.841684532186615764e-01 1.482223734960682049e-01
1.005940923950620659e-02 -4.615037885785958777e-02 -8.955153976529894866e-02 4.765103545789967088e-01 1.401223293413946802e-01 -1.877246273278425229e-03 3.429503855374083643e-01 1.141902398080451714e-01 -1.050756114244130041e-02 -1.246878303983006524e-02 8.271274002263383218e-02 5.522108662508921212e-02 -1.313900207870903336e-01 1.184354685569049132e-01 -1.815442545894723533e-03 2.468948241872814461e-02 5.095895789959416222e-02 2.744501965218930709e-02 5.554138858130890262e-03 -2.615905749298278946e-02 -1.365389796079548579e-01 5.150542791339994542e-02 1.347982895405201026e-02 -1.792548915155035881e-03 2.769507965494648685e-02 6.325751453338371300e-02 -9.064695471751446285e-03 3.227011335459345747e-03 -7.474113918048955543e-03 7.239833507247112575e-03 2.566563500584111840e-02 3.198892780964181226e-02 8.582396583953481872e-02 -1.311752805030457977e-02 -1.087955845611018532e-02 -1.452823062115077106e-02 2.649485065403671662e-03 3.850140855610997143e-02 1.460511990949272046e-02
4.448177831867883812e-03 -4.231660531756662076e-03 1.787277598781269322e-02 1.130901936444744654e-01 4.298366389843271684e-01 -1.431703386001847711e-01 1.141902398080451714e-01 2.891325399083606307e-01 -1.314609078644007334e-01 7.777202537564263489e-03 -5.595121309824320488e-02 -4.195285215266020273e-02 1.008940632989113878e-01 -6.404948409854649416e-02 -3.322911002831506304e-03 6.626818321109653742e-02 -2.497400251271085850e-02 -3.532741316082478600e-02 2.780632134859485887e-03 -1.972620103450781898e-02 -7.765067249705444319e-02 2.208955155481563334e-02 9.053082269542959623e-03 1.161076446311238436e-03 -1.951483807566613618e-02 4.993385665450780775e-02 2.583391997100028398e-02 3.964443407051310153e-02 8.098963288738268707e-02 8.792644649887952982e-03 6.009115640998670578e-03 4.685362269952877967e-03 5.193626476674444853e-02 -2.367102113966620697e-03 2.459991719880074215e-02 -4.413943737420952459e-03 -7.302287839639948902e-03 8.028800784736479790e-02 4.535024586487434312e-02
1.961189349667839116e-02 -5.318144710570429229e-02 -1.348248076226596093e-01 -1.612490365176892995e-02 -1.321565608519354174e-01 4.280099689467789514e-01 -1.050756114244130041e-02 -1.314609078644007334e-01 2.836605778764338948e-01 -1.945808801504064333e-03 1.087506820694576944e-02 6.753312976102767221e-03 -2.399115493031346580e-02 1.202675777282631066e-02 4.207552487445442337e-03 -1.255159564598715312e-02 1.444525158886260201e-02 6.268414467774319210e-02 -6.905192635466667018e-04 9.592927401555623179e-03 1.841991920553521719e-02 -9.007439124766963151e-03 -3.936498493516300823e-03 -8.787798175396094660e-03 1.938570715606758796e-02 -2.001296973028807158e-02 -4.894667641846151690e-02 -3.862867609498413235e-02 -8.957239929837162995e-02 2.565409510949841210e-02 6.527252485743165189e-02 -1.360253257542731135e-03 -2.623937364923623061e-02 2.534539354639689726e-03 -3.431708265861000556e-02 8.978724896053140534e-04 2.648804163301322900e-02 1.582547535842145359e-01 8.463551329884065610e-02
2.698542688678214237e-03 -4.244528330017973035e-03 -2.794733747402403188e-03 -1.989199641316237097e-02 1.402633858336857497e-02 -9.146142941841105658e-04 -1.246878303983006524e-02 7.777202537564263489e-03 -1.945808801504064333e-03 1.149990991259512881e-03 -7.875509745909444609e-03 -4.522174236375110790e-03 1.324439004500530155e-02 -1.051652314568986453e-02 -1.794996124668095383e-05 2.044613986180514233e-03 -3.747949263184521037e-03 -2.244022951388517043e-03 -1.723914011059676234e-04 5.465623809628943714e-04 3.364016341911408529e-03 -1.895777067539189701e-03 -2.235287904561132351e-04 1.677017920538591649e-05 -2.299298033525425024e-03 -8.809661679734432684e-04 1.013460513873697816e-03 1.502731903296459321e-03 3.372721891429521310e-03 7.342256854415787383e-04 2.763700441658685112e-04 -1.628476653556253399e-03 -2.275343230498985334e-03 6.802065972262873444e-04 1.320519622880043367e-03 6.318328432986099023e-04 -5.084961718248988914e-05 3.718891566419250689e-03 3.400034923998057883e-03
-1.101057471009540649e-02 2.624791631219919666e-02 1.658987607405885273e-02 1.332855155883803377e-01 -1.011533920668576253e-01 1.472146393380969207e-03 8.271274002263383218e-02 -5.595121309824320488e-02 1.087506820694576944e-02 -7.875509745909444609e-03 5.407465590411637824e-02 3.192137834451069106e-02 -9.086983754410930814e-02 7.196265874458615541e-02 1.086074191134874444e-04 -1.499600467296328260e-02 2.580926168882937549e-02 1.494921277606918279e-02 1.119932909486854233e-03 -3.465416236162803532e-03 -2.174123005705150963e-02 1.249633444762460362e-02 1.466774211281907884e-03 1.565883348283998819e-05 1.563203849275173959e-02 5.470158794154596389e-03 -6.600693439693528473e-03 -1.021522328097307190e-02 -2.293729038121307406e-02 -5.446781254488190435e-03 -2.940499384382071809e-03 1.090783595392699409e-02 1.488827944933323287e-02 -4.580603155256858516e-03 -8.892231948128727012e-03 -4.173342750675629320e-03 6.642835746505814558e-05 -3.033561698816407068e-02 -2.520902485545583813e-02
5.093902529023178194e-02 -6.741748351945713036e-02 -8.613214861189544269e-02 9.062874579965693456e-02 -7.917229124695804310e-02 -5.899593051100835220e-03 5.522108662508921212e-02 -4.195285215266020273e-02 6.753312976102767221e-03 -4.522174236375110790e-03 3.192137834451069106e-02 3.417051581508807195e-02 -5.156175085724271079e-02 4.040400369452247509e-02 4.204111845940818927e-05 -1.321065471123837425e-02 2.102364315909767412e-02 1.277875252297245440e-02 5.143184349494392491e-04 -1.175775323690719841e-03 -1.444503542494508623e-02 5.657051700593811877e-03 2.000510226058109346e-03 1.547734897313502573e-04 1.053508780947505843e-02 4.804097435508449844e-03 -5.918124224297413409e-03 -5.565009731863348671e-03 -1.704903092165183445e-02 -1.158697442103265437e-03 5.560571390429409986e-04 5.541581262025294108e-03 8.706189235415325717e-03 -2.307095932790154038e-03 -7.228276837879666315e-03 -1.694516484377815279e-03 6.505247458189298160e-04 -4.573399776728316601e-02 -1.600326694567760430e-02
2.667614913759481718e-02 -5.582525164910968896e-02 -4.066698600187437784e-02 -2.137614720679143487e-01 1.781895511627309692e-01 -1.096796364171554426e-02 -1.313900207870903336e-01 1.008940632989113878e-01 -2.399115493031346580e-02 1.324439004500530155e-02 -9.086983754410930814e-02 -5.156175085724271079e-02 1.532837569735175653e-01 -1.208992769606731799e-01 -3.173521299584891944e-04 2.622370012798909411e-02 -4.248222084595623671e-02 -2.555098881840618674e-02 -1.771655314415517294e-03 5.138468328951471299e-03 3.290873086381702201e-02 -2.006061343935942876e-02 -1.920580024600964568e-03 9.342059923688799869e-05 -2.628333727834955905e-02 -7.017062983722875853e-03 1.171207025203595438e-02 1.842071626415490992e-02 4.041786178646023658e-02 9.392303291953703684e-03 4.947222952230220273e-03 -1.793067746487257350e-02 -2.266712209626156951e-02 7.506788607865941092e-03 1.535164376096767765e-02 6.839239847416247846e-03 -4.283323323513380920e-04 4.713267461424719418e-02 4.220244053907434845e-02
-2.221748086445844012e-02 4.422779508262912607e-02 3.249184845078510742e-02 1.873517573703159522e-01 -1.185749189372061890e-01 9.405649618502274654e-04 1.184354685569049132e-01 -6.404948409854649416e-02 1.202675777282631066e-02 -1.051652314568986453e-02 7.196265874458615541e-02 4.040400369452247509e-02 -1.208992769606731799e-01 9.645325609289566449e-02 4.498704519507004570e-05 -1.721737946734316557e-02 3.390847616350900484e-02 1.922089808409701769e-02 1.680573326430017224e-03 -5.679282014578293340e-03 -3.318793737803881622e-02 1.832461442491144232e-02 2.275571991191756814e-03 -4.021795854561129778e-05 2.069244686663391369e-02 9.470382568150619712e-03 -8.220895397369943139e-03 -1.270151702698217415e-02 -2.843687798414954240e-02 -7.017804824332287209e-03 -3.268807522154955434e-03 1.532138661291121071e-02 2.264140230937635931e-02 -6.432284454096726285e-03 -1.127134778118162213e-02 -6.026422769254498671e-03 -1.321923876466246871e-05 -3.320872467528330346e-02 -3.150448445382385970e-02
-7.275942217942504191e-04 -3.178842568545323208e-04 -1.234220008928487572e-03 -2.350014606599170729e-03 -4.023861875030828282e-03 6.068133134035643556e-03 -1.815442545894723533e-03 -3.322911002831506304e-03 4.207552487445442337e-03 -1.794996124668095383e-05 1.086074191134874444e-04 4.204111845940818927e-05 -3.173521299584891944e-04 4.498704519507004570e-05 7.456189197597995477e-05 -5.268343072157953425e-04 1.068867878032286103e-04 8.477429678693069060e-04 -3.937897681783742706e-05 2.959349257514382655e-04 1.046343654606700802e-03 -3.819335087013456319e-04 -1.390931317029383684e-04 -1.105108122490463537e-04 2.360488514936612660e-04 -6.950594367643009829e-04 -6.984334856359108654e-04 -6.778050056164614716e-04 -1.460320565555102944e-03 2.543812478286585580e-04 7.048981170681928397e-04 -1.433077286419653831e-04 -8.539429292590920966e-04 8.574578361212134439e-05 -5.020718962851572964e-04 7.793773816311374604e-05 3.570320580730813030e-04 1.574676122475889136e-03 8.163820638553634249e-04
-7.689078453638395309e-03 5.463229963595506340e-03 7.194603758990277681e-03 2.166959285303033528e-02 1.046210055692654850e-01 -3.544145117058300400e-03 2.468948241872814461e-02 6.626818321109653742e-02 -1.255159564598715312e-02 2.044613986180514233e-03 -1.499600467296328260e-02 -1.321065471123837425e-02 2.622370012798909411e-02 -1.721737946734316557e-02 -5.268343072157953425e-04 1.688457935566309992e-02 -6.830358412518992839e-03 -5.277684096919528327e-03 6.382794906143284116e-04 -4.287686659688255165e-03 -1.737548309976850655e-02 4.771031707207576585e-03 1.794324621390217412e-03 -3.793928165152700449e-04 -4.151126256641647812e-03 1.075168714690175401e-02 3.376856663235702164e-03 7.403663854114021260e-03 1.501044727387522947e-02 4.010013900983444741e-03 6.140339132726755668e-03 8.749439078690417594e-04 1.073750538431762595e-02 -3.250866927921857450e-04 4.215543611764616810e-03 -1.028187103778934732e-03 3.525653948489344694e-05 3.678592733758628830e-02 1.866631298722482013e-02
1.428788478699826413e-02 -2.356184264059520486e-02 -3.699417388384091537e-02 7.913468757158842459e-02 -4.555134849972781313e-02 1.388227330718859107e-02 5.095895789959416222e-02 -2.497400251271085850e-02 1.444525158886260201e-02 -3.747949263184521037e-03 2.580926168882937549e-02 2.102364315909767412e-02 -4.248222084595623671e-02 3.390847616350900484e-02 1.068867878032286103e-04 -6.830358412518992839e-03 1.527431261366223730e-02 1.097713928625007260e-02 6.293792911561913936e-04 -1.941255670858182394e-03 -1.496624319098039703e-02 6.446147401251441089e-03 1.477360955461973040e-03 -3.507437106879442439e-04 8.710958274725353126e-03 4.972478371747479815e-03 -5.588617375189605663e-03 -5.175395428599777366e-03 -1.405046518144399681e-02 -1.431300130962326691e-04 3.271653856105842268e-03 5.475011356020777209e-03 8.959512198888887335e-03 -2.204157179846596374e-03 -6.029552511513610637e-03 -2.035935482446795623e-03 1.350662814339604082e-03 -1.441309846677909894e-02 -6.630140214601382316e-03
1.275098632044439559e-02 -2.877514854660238180e-02 -5.274504571810866016e-02 4.163638091295757820e-02 -4.461731564647954118e-02 9.086289600285754608e-02 2.744501965218930709e-02 -3.532741316082478600e-02 6.268414467774319210e-02 -2.244022951388517043e-03 1.494921277606918279e-02 1.277875252297245440e-02 -2.555098881840618674e-02 1.922089808409701769e-02 8.477429678693069060e-04 -5.277684096919528327e-03 1.097713928625007260e-02 1.813527792125780441e-02 2.359246790086231313e-04 6.122205473848413553e-04 -5.719983944059908905e-03 1.893841174756375227e-03 2.226675167683100432e-04 -1.931727709230963074e-03 8.294197205049556876e-03 -4.152252047551210847e-04 -1.253496412138575995e-02 -9.827979419343232589e-03 -2.436669675325564902e-02 5.390030642663307635e-03 1.517703194111843547e-02 2.667465886824928537e-03 3.815830644150089261e-04 -6.785248180362508366e-04 -9.834023986356134686e-03 -9.322244537503520138e-04 5.979811781059028893e-03 2.390632360411452245e-02 1.428234346875727201e-02
-8.252713438063299023e-04 4.825252418935629928e-04 1.092992412534510662e-04 7.545294436249338869e-03 3.728676846743234768e-03 -5.670683468696469370e-04 5.554138858130890262e-03 2.780632134859485887e-03 -6.905192635466667018e-04 -1.723914011059676234e-04 1.119932909486854233e-03 5.143184349494392491e-04 -1.771655314415517294e-03 1.680573326430017224e-03 -3.937897681783742706e-05 6.382794906143284116e-04 6.293792911561913936e-04 2.359246790086231313e-04 9.645944694284097870e-05 -4.786785303884037290e-04 -2.322312104641057959e-03 8.904059513103566989e-04 2.202644395805567054e-04 -2.185142813006294460e-05 3.456511582463175133e-04 1.109302519106793519e-03 -1.258802423298295064e-05 1.755616089701952562e-04 2.101949983436924381e-04 9.342514822468062465e-05 3.465801639591059818e-04 5.230014031184615064e-04 1.492196880370980647e-03 -2.171849829862322471e-04 -5.275395974544732155e-05 -2.492743151899266341e-04 -2.497702528258877082e-06 1.133928606449821760e-03 3.231974041335769748e-04
1.512443014437220550e-03 -3.195548500120789712e-03 -3.142392715282931771e-03 -3.468963809016909622e-02 -2.675050428395679691e-02 1.125589006536062767e-02 -2.615905749298278946e-02 -1.972620103450781898e-02 9.592927401555623179e-03 5.465623809628943714e-04 -3.465416236162803532e-03 -1.175775323690719841e-03 5.138468328951471299e-03 -5.679282014578293340e-03 2.959349257514382655e-04 -4.287686659688255165e-03 -1.941255670858182394e-03 6.122205473848413553e-04 -4.786785303884037290e-04 2.587916766692837257e-03 1.176299634557228559e-02 -4.386685692451676270e-03 -1.177408505248598398e-03 -5.151898499482319028e-05 -7.934626489444519815e-04 -6.038349249927929194e-03 -1.168160022255634737e-03 -2.102832893153868364e-03 -3.830464920999174933e-03 -2.187998434777520165e-04 -6.911384125377177407e-04 -2.348613541577540455e-03 -7.804214288453984079e-03 1.011639859497851304e-03 -7.690153316158318628e-04 1.169715046521190537e-03 5.314954151058745796e-04 -4.464211688814279100e-03 -1.165410552086892666e-03
-8.932337145803454642e-03 2.023243110094998312e-02 3.400507254208984254e-02 -1.836620453558611976e-01 -1.054393806213692331e-01 1.564437870288279755e-02 -1.365389796079548579e-01 -7.765067249705444319e-02 1.841991920553521719e-02 3.364016341911408529e-03 -2.174123005705150963e-02 -1.444503542494508623e-02 3.290873086381702201e-02 -3.318793737803881622e-02 1.046343654606700802e-03 -1.737548309976850655e-02 -1.496624319098039703e-02 -5.719983944059908905e-03 -2.322312104641057959e-03 1.176299634557228559e-02 5.853050091086477169e-02 -2.100003085924024432e-02 -5.978522585065802232e-03 5.647843973309651456e-04 -7.386932972584921153e-03 -2.891107457335445607e-02 3.030018919337034442e-04 -6.098185937292137891e-03 -7.223310477795993022e-03 -4.091993679768916002e-03 -1.064910367390651050e-02 -1.187209830065032341e-02 -3.701670156243212773e-02 4.906637326471103774e-03 9.517566669529848103e-04 5.685062627623980840e-03 -2.529329025838053134e-04 -2.517215192679211899e-02 -1.215979709359512467e-02
-6.360584686551238459e-03 9.230902349204940169e-03 6.906381017566388947e-03 7.116077891593955429e-02 2.770350764361980897e-02 -1.023841810300756168e-02 5.150542791339994542e-02 2.208955155481563334e-02 -9.007439124766963151e-03 -1.895777067539189701e-03 1.249633444762460362e-02 5.657051700593811877e-03 -2.006061343935942876e-02 1.832461442491144232e-02 -3.819335087013456319e-04 4.771031707207576585e-03 6.446147401251441089e-03 1.893841174756375227e-03 8.904059513103566989e-04 -4.386685692451676270e-03 -2.100003085924024432e-02 8.402183643507941946e-03 1.954801903743350923e-03 -6.822841297037797144e-05 3.530019446483679147e-03 9.864798558891956295e-03 2.302426436588391682e-04 1.371052156601843030e-03 1.722064045938142543e-03 4.462183405331454400e-05 1.773393272267226838e-03 5.090270472817864759e-03 1.378010356964658699e-02 -2.144779261047452621e-03 -4.441842630273010856e-04 -2.379395953333219519e-03 -3.974553199330133047e-04 6.501870135905933080e-03 1.057782482726765222e-04
4.510685507748299523e-03 -7.323231622532788698e-03 -8.887847663976862142e-03 1.807174434401045623e-02 1.184063821030493027e-02 -4.954863387417239237e-03 1.347982895405201026e-02 9.053082269542959623e-03 -3.936498493516300823e-03 -2.235287904561132351e-04 1.466774211281907884e-03 2.000510226058109346e-03 -1.920580024600964568e-03 2.275571991191756814e-03 -1.390931317029383684e-04 1.794324621390217412e-03 1.477360955461973040e-03 2.226675167683100432e-04 2.202644395805567054e-04 -1.177408505248598398e-03 -5.978522585065802232e-03 1.954801903743350923e-03 6.957882609365648088e-04 1.021377504330636900e-05 5.106879150589214425e-04 3.144515615120417346e-03 2.571332053329645454e-04 1.051707028356345082e-03 1.425200046900032850e-03 4.492759164158273487e-04 8.398208204488496120e-04 1.034839001779192099e-03 3.795129890669050616e-03 -4.384323845241392477e-04 1.237462765014892842e-04 -4.893161405017543847e-04 -1.151176236977034443e-04 1.543349077204561495e-04 9.367309091931827481e-04
-5.945361188950558026e-04 1.695413463911035453e-03 4.467303312287024090e-03 -1.906382078895086296e-03 -5.228328894742095487e-04 -1.395604324494990195e-02 -1.792548915155035881e-03 1.161076446311238436e-03 -8.787798175396094660e-03 1.677017920538591649e-05 1.565883348283998819e-05 1.547734897313502573e-04 9.342059923688799869e-05 -4.021795854561129778e-05 -1.105108122490463537e-04 -3.793928165152700449e-04 -3.507437106879442439e-04 -1.931727709230963074e-03 -2.185142813006294460e-05 -5.151898499482319028e-05 5.647843973309651456e-04 -6.822841297037797144e-05 1.021377504330636900e-05 3.115391972060985106e-04 -5.513025196618373666e-04 1.603376924782371419e-06 1.500312911702953540e-03 9.489378603722193901e-04 2.341548665281800723e-03 -1.040347496745040994e-03 -2.495797216525909301e-03 -9.328343163987239865e-05 1.368267378147031805e-04 -2.835448784736610100e-05 9.879993370806978113e-04 5.976048477297876867e-05 -8.836082781802595629e-04 -6.892693311999507043e-03 -3.630520417060795549e-03
7.325716757569983219e-04 -4.234122656083112203e-03 -1.332211618821857110e-02 4.305674196984914798e-02 -3.072207619795171846e-02 2.538419786053615346e-02 2.769507965494648685e-02 -1.951483807566613618e-02 1.938570715606758796e-02 -2.299298033525425024e-03 1.563203849275173959e-02 1.053508780947505843e-02 -2.628333727834955905e-02 2.069244686663391369e-02 2.360488514936612660e-04 -4.151126256641647812e-03 8.710958274725353126e-03 8.294197205049556876e-03 3.456511582463175133e-04 -7.934626489444519815e-04 -7.386932972584921153e-03 3.530019446483679147e-03 5.106879150589214425e-04 -5.513025196618373666e-04 5.676784594393947947e-03 1.681305394835940978e-03 -4.885490700353239957e-03 -4.677358362029638422e-03 -1.135009973077466885e-02 5.320544853866861516e-04 3.945683209023359561e-03 3.222198097026925893e-03 3.980495846295286147e-03 -1.226762741178876468e-03 -4.604001546962082324e-03 -1.230169850357856970e-03 1.706983550751470929e-03 8.639181772914563415e-04 -8.111287161325961932e-04
8.711356490454343765e-03 -1.540446019812794984e-02 -1.956120705708270721e-02 8.309250543115592746e-02 6.846761285986838197e-02 -2.271749337824499615e-02 6.325751453338371300e-02 4.993385665450780775e-02 -2.001296973028807158e-02 -8.809661679734432684e-04 5.470158794154596389e-03 4.804097435508449844e-03 -7.017062983722875853e-03 9.470382568150619712e-03 -6.950594367643009829e-04 1.075168714690175401e-02 4.972478371747479815e-03 -4.152252047551210847e-04 1.109302519106793519e-03 -6.038349249927929194e-03 -2.891107457335445607e-02 9.864798558891956295e-03 3.144515615120417346e-03 1.603376924782371419e-06 1.681305394835940978e-03 1.521215254455649674e-02 2.026581758361558835e-03 5.500215512257263656e-03 8.859821511762969171e-03 1.932856878144391562e-03 3.792449229799454893e-03 5.068112290450023892e-03 1.859662437043531347e-02 -2.151135456850062320e-03 1.440976500959816227e-03 -2.524876281137567770e-03 -7.191890068388113793e-04 9.595066767536566607e-03 6.030810304399137137e-03
-8.071187539928411508e-03 1.818695133131329258e-02 3.483733658943461570e-02 -1.395384447483310683e-02 3.000130672021248529e-02 -7.210814161565728964e-02 -9.064695471751446285e-03 2.583391997100028398e-02 -4.894667641846151690e-02 1.013460513873697816e-03 -6.600693439693528473e-03 -5.918124224297413409e-03 1.171207025203595438e-02 -8.220895397369943139e-03 -6.984334856359108654e-04 3.376856663235702164e-03 -5.588617375189605663e-03 -1.253496412138575995e-02 -1.258802423298295064e-05 -1.168160022255634737e-03 3.030018919337034442e-04 2.302426436588391682e-04 2.571332053329645454e-04 1.500312911702953540e-03 -4.885490700353239957e-03 2.026581758361558835e-03 9.150849513794311746e-03 7.174140361119865639e-03 1.734408495239117901e-02 -4.343474409411741434e-03 -1.152759346858166917e-02 -8.141709229590701931e-04 2.357650190665860901e-03 8.512619500865308148e-07 6.834050784912970924e-03 2.242377340689900975e-04 -4.624881039222413469e-03 -2.192343647977653548e-02 -1.273671143074115754e-02
2.268473588134534147e-03 -4.144086285868359316e-03 5.365226351808866610e-03 -3.407169703180447395e-04 5.393064307341437214e-02 -5.321240835815015807e-02 3.227011335459345747e-03 3.964443407051310153e-02 -3.862867609498413235e-02 1.502731903296459321e-03 -1.021522328097307190e-02 -5.565009731863348671e-03 1.842071626415490992e-02 -1.270151702698217415e-02 -6.778050056164614716e-04 7.403663854114021260e-03 -5.175395428599777366e-03 -9.827979419343232589e-03 1.755616089701952562e-04 -2.102832893153868364e-03 -6.098185937292137891e-03 1.371052156601843030e-03 1.051707028356345082e-03 9.489378603722193901e-04 -4.677358362029638422e-03 5.500215512257263656e-03 7.174140361119865639e-03 7.781096883441408069e-03 1.675361141787442762e-02 -1.140752495662384269e-03 -5.381441213746444852e-03 -5.305514528686291901e-04 5.299130964884114434e-03 3.819718523540675103e-06 5.871547996572039699e-03 -6.143695140790838970e-06 -3.085907102119656194e-03 -8.482592102384009861e-03 -2.467404128852052157e-03
-9.680949305519440801e-03 1.964820924448018244e-02 4.744017724418276433e-02 -2.021498675424631200e-02 1.099261353200160357e-01 -1.240901588345244416e-01 -7.474113918048955543e-03 8.098963288738268707e-02 -8.957239929837162995e-02 3.372721891429521310e-03 -2.293729038121307406e-02 -1.704903092165183445e-02 4.041786178646023658e-02 -2.843687798414954240e-02 -1.460320565555102944e-03 1.501044727387522947e-02 -1.405046518144399681e-02 -2.436669675325564902e-02 2.101949983436924381e-04 -3.830464920999174933e-03 -7.223310477795993022e-03 1.722064045938142543e-03 1.425200046900032850e-03 2.341548665281800723e-03 -1.135009973077466885e-02 8.859821511762969171e-03 1.734408495239117901e-02 1.675361141787442762e-02 3.820081851853971561e-02 -4.502872969386870032e-03 -1.560784674763888297e-02 -1.840417313133107559e-03 8.479503041286001741e-03 2.249908424460380046e-04 1.406599277545453504e-02 2.545549110790611960e-04 -7.669901193850358311e-03 -1.928439009217000621e-02 -9.921967022006929551e-03
1.223124113183035079e-02 -2.374751207825559832e-02 -3.463084710573197805e-02 5.675014691565387348e-03 2.098133955747994578e-02 4.284124369636392593e-02 7.239833507247112575e-03 8.792644649887952982e-03 2.565409510949841210e-02 7.342256854415787383e-04 -5.446781254488190435e-03 -1.158697442103265437e-03 9.392303291953703684e-03 -7.017804824332287209e-03 2.543812478286585580e-04 4.010013900983444741e-03 -1.431300130962326691e-04 5.390030642663307635e-03 9.342514822468062465e-05 -2.187998434777520165e-04 -4.091993679768916002e-03 4.462183405331454400e-05 4.492759164158273487e-04 -1.040347496745040994e-03 5.320544853866861516e-04 1.932856878144391562e-03 -4.343474409411741434e-03 -1.140752495662384269e-03 -4.502872969386870032e-03 4.776777002620089321e-03 9.765121346077614353e-03 -2.975077747111823270e-04 6.560444386188295663e-04 3.545298554847435037e-04 -2.418204192127387971e-03 6.401321124607141349e-06 2.983691220248298453e-03 2.421968845616364469e-02 1.601787631681151833e-02
1.622669043745554596e-02 -3.660264434220469876e-02 -6.185795290444611599e-02 2.885415746618184493e-02 2.583007516555842556e-02 1.057386249086351981e-01 2.566563500584111840e-02 6.009115640998670578e-03 6.527252485743165189e-02 2.763700441658685112e-04 -2.940499384382071809e-03 5.560571390429409986e-04 4.947222952230220273e-03 -3.268807522154955434e-03 7.048981170681928397e-04 6.140339132726755668e-03 3.271653856105842268e-03 1.517703194111843547e-02 3.465801639591059818e-04 -6.911384125377177407e-04 -1.064910367390651050e-02 1.773393272267226838e-03 8.398208204488496120e-04 -2.495797216525909301e-03 3.945683209023359561e-03 3.792449229799454893e-03 -1.152759346858166917e-02 -5.381441213746444852e-03 -1.560784674763888297e-02 9.765121346077614353e-03 2.189106879332883282e-02 1.031459408841851628e-03 2.502209660881538327e-03 1.125637092822921872e-04 -7.339642031776623388e-03 -6.550061216798875978e-04 7.093524221149045614e-03 5.505983090688185838e-02 3.270083354851006235e-02
-5.190556467168533708e-03 6.730021351615103446e-03 4.284817298106466388e-03 4.586836205595599958e-02 3.365287884593654629e-03 -1.758417949618819526e-03 3.198892780964181226e-02 4.685362269952877967e-03 -1.360253257542731135e-03 -1.628476653556253399e-03 1.090783595392699409e-02 5.541581262025294108e-03 -1.793067746487257350e-02 1.532138661291121071e-02 -1.433077286419653831e-04 8.749439078690417594e-04 5.475011356020777209e-03 2.667465886824928537e-03 5.230014031184615064e-04 -2.348613541577540455e-03 -1.187209830065032341e-02 5.090270472817864759e-03 1.034839001779192099e-03 -9.328343163987239865e-05 3.222198097026925893e-03 5.068112290450023892e-03 -8.141709229590701931e-04 -5.305514528686291901e-04 -1.840417313133107559e-03 -2.975077747111823270e-04 1.031459408841851628e-03 3.411336038515886716e-03 7.752632986852779802e-03 -1.422243469114425158e-03 -1.240610963940011859e-03 -1.511401497955584426e-03 -1.902786867897246673e-06 1.618647985473538244e-03 -1.616244685382781749e-03
3.407438992840977230e-04 -2.411459231618667733e-03 -5.749179222395551722e-03 1.163245095777125648e-01 6.732398745785833638e-02 -3.248149748946830423e-02 8.582396583953481872e-02 5.193626476674444853e-02 -2.623937364923623061e-02 -2.275343230498985334e-03 1.488827944933323287e-02 8.706189235415325717e-03 -2.266712209626156951e-02 2.264140230937635931e-02 -8.539429292590920966e-04 1.073750538431762595e-02 8.959512198888887335e-03 3.815830644150089261e-04 1.492196880370980647e-03 -7.804214288453984079e-03 -3.701670156243212773e-02 1.378010356964658699e-02 3.795129890669050616e-03 1.368267378147031805e-04 3.980495846295286147e-03 1.859662437043531347e-02 2.357650190665860901e-03 5.299130964884114434e-03 8.479503041286001741e-03 6.560444386188295663e-04 2.502209660881538327e-03 7.752632986852779802e-03 2.434128523914352860e-02 -3.318005140678505476e-03 1.054751913310456382e-03 -3.701538861636590946e-03 -1.348177387195577132e-03 6.886540887595552635e-03 1.567515043886172485e-03
2.213199205642798692e-03 -3.480265237193265644e-03 -3.089127563567091971e-03 -1.892699363708919003e-02 -1.531957727178736737e-03 3.805872323469549397e-03 -1.311752805030457977e-02 -2.367102113966620697e-03 2.534539354639689726e-03 6.802065972262873444e-04 -4.580603155256858516e-03 -2.307095932790154038e-03 7.506788607865941092e-03 -6.432284454096726285e-03 8.574578361212134439e-05 -3.250866927921857450e-04 -2.204157179846596374e-03 -6.785248180362508366e-04 -2.171849829862322471e-04 1.011639859497851304e-03 4.906637326471103774e-03 -2.144779261047452621e-03 -4.384323845241392477e-04 -2.835448784736610100e-05 -1.226762741178876468e-03 -2.151135456850062320e-03 8.512619500865308148e-07 3.819718523540675103e-06 2.249908424460380046e-04 3.545298554847435037e-04 1.125637092822921872e-04 -1.422243469114425158e-03 -3.318005140678505476e-03 6.078350518393687727e-04 2.925769406745322584e-04 6.281890245812965512e-04 1.976444036540527221e-04 6.944499873209792912e-04 1.448491928451764573e-03
-5.987552514498713750e-03 1.298010871091409384e-02 2.527577438366741119e-02 -1.797101749535271950e-02 3.260834674745655831e-02 -4.865191707918599395e-02 -1.087955845611018532e-02 2.459991719880074215e-02 -3.431708265861000556e-02 1.320519622880043367e-03 -8.892231948128727012e-03 -7.228276837879666315e-03 1.535164376096767765e-02 -1.127134778118162213e-02 -5.020718962851572964e-04 4.215543611764616810e-03 -6.029552511513610637e-03 -9.834023986356134686e-03 -5.275395974544732155e-05 -7.690153316158318628e-04 9.517566669529848103e-04 -4.441842630273010856e-04 1.237462765014892842e-04 9.879993370806978113e-04 -4.604001546962082324e-03 1.440976500959816227e-03 6.834050784912970924e-03 5.871547996572039699e-03 1.406599277545453504e-02 -2.418204192127387971e-03 -7.339642031776623388e-03 -1.240610963940011859e-03 1.054751913310456382e-03 2.925769406745322584e-04 5.470032423076910851e-03 3.721483285637467819e-04 -3.135342652550483864e-03 -1.019371052703380714e-02 -5.933423467305710790e-03
3.122481951711400961e-03 -4.327718525435510569e-03 -3.484305106249240350e-03 -2.030934461453958936e-02 -5.349754644717334175e-03 5.771023613017802877e-04 -1.452823062115077106e-02 -4.413943737420952459e-03 8.978724896053140534e-04 6.318328432986099023e-04 -4.173342750675629320e-03 -1.694516484377815279e-03 6.839239847416247846e-03 -6.026422769254498671e-03 7.793773816311374604e-05 -1.028187103778934732e-03 -2.035935482446795623e-03 -9.322244537503520138e-04 -2.492743151899266341e-04 1.169715046521190537e-03 5.685062627623980840e-03 -2.379395953333219519e-03 -4.893161405017543847e-04 5.976048477297876867e-05 -1.230169850357856970e-03 -2.524876281137567770e-03 2.242377340689900975e-04 -6.143695140790838970e-06 2.545549110790611960e-04 6.401321124607141349e-06 -6.550061216798875978e-04 -1.511401497955584426e-03 -3.701538861636590946e-03 6.281890245812965512e-04 3.721483285637467819e-04 6.975635899372901018e-04 -3.488029219925685997e-06 -2.482986212775119966e-03 -1.635362132772915939e-05
3.760798934725519301e-03 -9.962687298462453989e-03 -1.864784966982169917e-02 2.639887957271571522e-03 -4.665239763100692723e-03 4.087400923746935255e-02 2.649485065403671662e-03 -7.302287839639948902e-03 2.648804163301322900e-02 -5.084961718248988914e-05 6.642835746505814558e-05 6.505247458189298160e-04 -4.283323323513380920e-04 -1.321923876466246871e-05 3.570320580730813030e-04 3.525653948489344694e-05 1.350662814339604082e-03 5.979811781059028893e-03 -2.497702528258877082e-06 5.314954151058745796e-04 -2.529329025838053134e-04 -3.974553199330133047e-04 -1.151176236977034443e-04 -8.836082781802595629e-04 1.706983550751470929e-03 -7.191890068388113793e-04 -4.624881039222413469e-03 -3.085907102119656194e-03 -7.669901193850358311e-03 2.983691220248298453e-03 7.093524221149045614e-03 -1.902786867897246673e-06 -1.348177387195577132e-03 1.976444036540527221e-04 -3.135342652550483864e-03 -3.488029219925685997e-06 2.624106523514598607e-03 1.693518205516383532e-02 9.789964752701444534e-03
-3.511323640974294696e-02 7.600925879235238825e-02 4.008360588271168284e-02 1.878552753309666382e-02 1.837817177169634164e-01 2.841684532186615764e-01 3.850140855610997143e-02 8.028800784736479790e-02 1.582547535842145359e-01 3.718891566419250689e-03 -3.033561698816407068e-02 -4.573399776728316601e-02 4.713267461424719418e-02 -3.320872467528330346e-02 1.574676122475889136e-03 3.678592733758628830e-02 -1.441309846677909894e-02 2.390632360411452245e-02 1.133928606449821760e-03 -4.464211688814279100e-03 -2.517215192679211899e-02 6.501870135905933080e-03 1.543349077204561495e-04 -6.892693311999507043e-03 8.639181772914563415e-04 9.595066767536566607e-03 -2.192343647977653548e-02 -8.482592102384009861e-03 -1.928439009217000621e-02 2.421968845616364469e-02 5.505983090688185838e-02 1.618647985473538244e-03 6.886540887595552635e-03 6.944499873209792912e-04 -1.019371052703380714e-02 -2.482986212775119966e-03 1.693518205516383532e-02 2.254170705602017155e-01 1.023398290869013960e-01
2.278437677059134275e-02 -4.000256997436759526e-02 -6.954910955446247378e-02 1.052730955163860317e-03 9.970114488838696665e-02 1.482223734960682049e-01 1.460511990949272046e-02 4.535024586487434312e-02 8.463551329884065610e-02 3.400034923998057883e-03 -2.520902485545583813e-02 -1.600326694567760430e-02 4.220244053907434845e-02 -3.150448445382385970e-02 8.163820638553634249e-04 1.866631298722482013e-02 -6.630140214601382316e-03 1.428234346875727201e-02 3.231974041335769748e-04 -1.165410552086892666e-03 -1.215979709359512467e-02 1.057782482726765222e-04 9.367309091931827481e-04 -3.630520417060795549e-03 -8.111287161325961932e-04 6.030810304399137137e-03 -1.273671143074115754e-02 -2.467404128852052157e-03 -9.921967022006929551e-03 1.601787631681151833e-02 3.270083354851006235e-02 -1.616244685382781749e-03 1.567515043886172485e-03 1.448491928451764573e-03 -5.933423467305710790e-03 -1.635362132772915939e-05 9.789964752701444534e-03 1.023398290869013960e-01 5.894420222449642255e-02
