2.086555277618207693e+00 -1.737353119545201052e-01 -3.104344364534472600e-01 -1.457505996701633335e-03 1.927934770244542351e-02 2.630563578813599132e-02 -6.047901840339129503e-03 1.631212112050459129e-02 1.732880937988589068e-02 -1.574463999967296805e-03 -2.122843603637469823e-02 5.316782006555506590e-02 8.612850702533191363e-03 -6.927861881037312985e-03 -7.635783821495244542e-05 -1.392350080764614452e-02 1.962368368251572043e-02 1.413422241572805625e-02 -2.412369139760564378e-04 -2.960555852890422914e-03 -3.919201902518411329e-03 1.854441694593303522e-03 -1.688585869834690755e-04 1.923624233777418673e-04 -8.222450306003288968e-04 5.005303437516949762e-03 -5.187005477144769616e-03 -2.474779609110741747e-03 -5.969223159348102485e-03 -3.488143730778489669e-04 1.242516596578135566e-03 -2.038564282270526824e-05 5.935682142663913086e-03 -5.021845193107484038e-04 -6.078138719026015234e-03 -1.115481464220411109e-05 5.912824154632693053e-04 -3.273682562642465932e-02 1.520331462075232357e-02
-1.737353119545201052e-01 5.101450886585070510e-01 6.011136046061448246e-01 -1.543568137258782185e-03 -4.380072328303898782e-02 -5.925814620623520712e-02 -1.760483412991732666e-02 -2.469465717944108185e-02 -5.140489082565121576e-02 2.882240435245331852e-03 3.947755463444217044e-02 -7.643365762305250055e-02 -1.968320787052143389e-02 1.565734638504674356e-02 5.267585215118854346e-04 1.533094288814342357e-02 -3.224819873522669078e-02 -3.208727629037960022e-02 3.735781084862357351e-04 4.028411772381180686e-03 7.813020801906954416e-03 -2.174762732582513104e-03 2.531595350075276801e-04 -4.247479903361942944e-04 1.409539939063944028e-03 -8.424589858511535856e-03 1.203338912807671267e-02 2.940036100039302835e-03 1.021525497405787429e-02 -1.586341001945107713e-03 -6.740204877575070412e-03 -1.649076834953360925e-04 -9.354866977752045870e-03 6.803821635725400534e-04 1.199775027172955873e-02 2.026279063915391722e-04 -5.574724908829005628e-03 7.135981479603629996e-02 -2.378486433677271666e-02
-3.104344364534472600e-01 6.011136046061448246e-01 7.410086892291747329e-01 7.437733793299944329e-02 -1.311788496590692299e-01 -1.470246252181443003e-01 3.091407830674235482e-02 -7.186192006006693334e-02 -1.001988395105805757e-01 4.904810038078125621e-03 6.495116057163563550e-02 -8.984476190686754848e-02 -3.298724985211516636e-02 2.591749807808073694e-02 2.351712904723323870e-04 2.481030444111950381e-02 -4.026467611759803472e-02 -4.224709104887610506e-02 5.827016379915885176e-04 6.188314492115647159e-03 5.156147894690980837e-03 -2.821903625190491129e-03 4.132157775470150351e-04 -5.360094952598359061e-04 2.957620413275073232e-03 -9.466287495856998135e-03 1.585427149772316441e-02 3.853957889278319254e-03 1.334836739857991200e-02 -2.448446066993413377e-03 -8.126191394958149142e-03 -9.294857263484510533e-05 -1.151504010019660344e-02 1.006718521868031190e-03 1.718173308980239580e-02 4.169054123402183600e-04 -6.331819539404976230e-03 1.750456244368685244e-02 -5.831012385021645816e-02
-1.457505996701633335e-03 -1.543568137258782185e-03 7.437733793299944329e-02 8.150188880666143776e-01 -2.967018887717236611e-03 -7.982106796682252384e-03 6.001085763460891620e-01 1.254305633580134194e-02 9.675467759895384559e-03 8.062506923653435520e-03 9.856976436463850411e-02 -8.603308460657788440e-03 -5.159280279326339258e-02 4.166503962166503289e-02 -2.549574693445154361e-03 1.220940168905646495e-01 2.900861911455501416e-02 4.741468023143705773e-02 1.212945444215269598e-03 1.145022795285474508e-02 -8.754688736952159767e-02 2.735040131123764838e-03 -2.530574288532101389e-05 -2.448185987475979289e-05 -6.559970655781286082e-04 3.480549812358545159e-02 -1.485719145292218463e-02 1.282654807659788484e-03 -1.201184182274079963e-02 5.337448132173918357e-03 3.760383940871967617e-02 3.903760827274617342e-03 2.070015067756701341e-02 9.430923725708419917e-04 9.943520239702971844e-03 -3.100224588433601923e-04 3.707168722757252927e-02 -3.097296956571380863e-02 -2.831151532848603936e-02
1.927934770244542351e-02 -4.380072328303898782e-02 -1.311788496590692299e-01 -2.967018887717236611e-03 7.520444390765729237e-01 -9.982381995300469713e-02 2.190643380293826742e-02 4.981704447653464984e-01 -1.312275673551898669e-01 -6.390924425637086424e-03 -7.848405142810670199e-02 7.705042516941175250e-03 4.209153421654521221e-02 -2.848260404265735846e-02 6.830940882270469545e-04 2.711361786121464432e-02 3.908878759865216240e-02 -4.533613797829673386e-02 -8.024003861562010792e-04 -8.728806455527458180e-03 -1.967520507286753609e-02 6.287182207053692434e-03 -1.956859705598861920e-03 -1.154391862453534642e-03 -3.765756309690928422e-02 3.464027589034334581e-02 2.110181863486626508e-02 7.358468676048455885e-03 -7.661232702371554605e-03 -2.813405693762472000e-04 -1.549163314747671778e-02 2.921755162889687254e-03 3.777040030434818119e-02 -2.564436228122352404e-03 1.746159115368756121e-02 -3.993560615054441570e-03 -9.044472913230820407e-03 2.119987804136653498e-01 1.001009646956352306e-01
2.630563578813599132e-02 -5.925814620623520712e-02 -1.470246252181443003e-01 -7.982106796682252384e-03 -9.982381995300469713e-02 6.696816181734983608e-01 1.209525457672317762e-02 -1.328903525571726030e-01 4.324617253882580559e-01 -1.435947690485815794e-04 -1.974473331932783803e-03 -1.017171719732204438e-02 1.815364759836852158e-03 -3.217679834302435496e-03 3.569737914366334186e-04 8.195337905045641316e-03 3.344370662510479791e-03 1.121611669102034331e-01 4.798194211790791160e-04 4.980409069740911708e-03 -1.228349185643778235e-02 -2.034184255334646734e-03 9.220876891271604292e-04 1.379374692651105577e-03 2.461922163853589099e-02 -1.098335855157137227e-02 -4.399021222818080140e-02 -8.837717496835685582e-03 -1.185342758359126183e-02 8.841181105480603458e-03 4.298621387696020119e-02 -7.400435446873259663e-04 -1.645017029736139252e-02 1.462521961356526550e-03 -3.357630027411819679e-02 2.099191675545345175e-03 3.340187033985685811e-02 2.669000282126701151e-01 1.150350112495453631e-01
-6.047901840339129503e-03 -1.760483412991732666e-02 3.091407830674235482e-02 6.001085763460891620e-01 2.190643380293826742e-02 1.209525457672317762e-02 4.437162957787178508e-01 2.307448666367463777e-02 1.679368231480835028e-02 5.643221050475612753e-03 6.886692265487073805e-02 -4.543814451811557971e-03 -3.600142767796715021e-02 2.921831197959249768e-02 -1.858174787705837386e-03 9.077248005882479487e-02 2.360558580493016603e-02 3.751332756542579555e-02 8.710725061355351464e-04 8.186306075682207861e-03 -6.573258153773473000e-02 2.221516614191945769e-03 -6.484454719024049729e-05 -6.112235248243640204e-06 -1.085050722253360798e-03 2.671513472981390871e-02 -1.183050743859662829e-02 8.678293392266730934e-04 -9.716492025638810703e-03 4.231021707384919478e-03 2.862559417608717682e-02 2.959263122931732239e-03 1.629034047829842555e-02 6.336142326641179068e-04 6.629308549649057594e-03 -3.093052979165645264e-04 2.814218670246047133e-02 -9.361712866527321583e-03 -1.340302133441394206e-02
1.631212112050459129e-02 -2.469465717944108185e-02 -7.186192006006693334e-02 1.254305633580134194e-02 4.981704447653464984e-01 -1.328903525571726030e-01 2.307448666367463777e-02 3.370446364090346481e-01 -1.288290620854495583e-01 -4.010590650357422939e-03 -4.925795396628269984e-02 6.312316400341732095e-03 2.634841945714184661e-02 -1.752494148009483069e-02 3.619135130786854432e-04 1.870371315056356884e-02 2.567050997157167141e-02 -3.989759928631739228e-02 -5.511111691550088639e-04 -6.000843231114205527e-03 -1.301549332177561261e-02 4.344519345603049462e-03 -1.365187408406300009e-03 -8.878403848720314720e-04 -2.695621259761845842e-02 2.421724225125890598e-02 1.786772560994622297e-02 5.678504036755824096e-03 -4.015220905450242461e-03 -9.899961330734684088e-04 -1.377504685135609586e-02 2.036646772330378066e-03 2.657477366471262814e-02 -1.800649244906603981e-03 1.485753668778848693e-02 -2.810516021721009856e-03 -8.630507237398075959e-03 1.094377393072421961e-01 5.285565639839014812e-02
1.732880937988589068e-02 -5.140489082565121576e-02 -1.001988395105805757e-01 9.675467759895384559e-03 -1.312275673551898669e-01 4.324617253882580559e-01 1.679368231480835028e-02 -1.288290620854495583e-01 2.862176655315195606e-01 5.444574984681998034e-04 6.401123373745815429e-03 -4.590358955103607426e-03 -2.983830147171755501e-03 8.041185682173542871e-04 9.712175005676887212e-05 4.253662083910267691e-03 1.132731799486821873e-04 7.673694305621374390e-02 3.846850892225074821e-04 4.005405701986181066e-03 -7.715151285980314036e-03 -1.740460858105264894e-03 7.526460559084430669e-04 9.895818474734208777e-04 1.892606678383665711e-02 -9.220181033124191794e-03 -3.032023580612957375e-02 -6.322670000517047195e-03 -7.314364486492954710e-03 5.739266056871004246e-03 2.938297927800966047e-02 -6.623998125671282057e-04 -1.316630301357478092e-02 1.151247834383798806e-03 -2.299163715053673118e-02 1.678973932856269932e-03 2.270454572997868473e-02 1.450855167217099950e-01 6.338158604619960335e-02
-1.574463999967296805e-03 2.882240435245331852e-03 4.904810038078125621e-03 8.062506923653435520e-03 -6.390924425637086424e-03 -1.435947690485815794e-04 5.643221050475612753e-03 -4.010590650357422939e-03 5.444574984681998034e-04 1.468191922840532816e-04 1.818831666135145662e-03 -5.184023979249953104e-04 -9.557657569482866248e-04 7.265895882050135918e-04 -2.859623414393225186e-05 1.048666070219057530e-03 -2.002171003149466545e-04 5.857387782860359144e-04 2.003162766997578713e-05 2.008399377186353995e-04 -6.508150546966662590e-04 -3.420872230683718722e-05 1.640296344454996268e-05 6.012870179341096769e-06 2.906352347728808488e-04 2.430835330593495198e-05 -2.231227326259688660e-04 -2.573929504860502634e-05 6.084492924739752939e-06 3.952875574771899517e-05 4.281254727876440073e-04 1.415047502538177703e-05 -1.405213833480639912e-04 3.263266203524100179e-05 4.233920823484802766e-05 2.914482982169202052e-05 3.837699174694297519e-04 -1.954862337888235539e-03 -1.330552068944455000e-03
-2.122843603637469823e-02 3.947755463444217044e-02 6.495116057163563550e-02 9.856976436463850411e-02 -7.848405142810670199e-02 -1.974473331932783803e-03 6.886692265487073805e-02 -4.925795396628269984e-02 6.401123373745815429e-03 1.818831666135145662e-03 2.256375097293961823e-02 -6.988567328370482931e-03 -1.184700786480641713e-02 9.011685472312161785e-03 -3.450710895945809033e-04 1.295935162351832468e-02 -2.714832586592778180e-03 6.937035107502840213e-03 2.482224372412304551e-04 2.491202892436197077e-03 -7.899502020978091746e-03 -4.370362278239742801e-04 2.029164080995664082e-04 7.044247779951033888e-05 3.572630024633196340e-03 2.248637882725067086e-04 -2.644286171428825161e-03 -2.928581970441389336e-04 1.546110738727139906e-04 4.740954277124435402e-04 5.195916399560893129e-03 1.716326538330194501e-04 -1.800610988928895168e-03 4.051627966939022911e-04 6.057691065822318980e-04 3.585704220620721991e-04 4.659859634695274339e-03 -2.316960057531441963e-02 -1.641118129807897508e-02
5.316782006555506590e-02 -7.643365762305250055e-02 -8.984476190686754848e-02 -8.603308460657788440e-03 7.705042516941175250e-03 -1.017171719732204438e-02 -4.543814451811557971e-03 6.312316400341732095e-03 -4.590358955103607426e-03 -5.184023979249953104e-04 -6.988567328370482931e-03 1.247316770125771711e-02 3.452557301220710462e-03 -2.715785979708779888e-03 -6.351430051692590778e-05 -4.142552530754577307e-03 4.539652987926506150e-03 1.264254463169473723e-03 -8.430063381687385212e-05 -8.898661340958671220e-04 1.716406456032546705e-04 3.612122545348847840e-04 -6.150520586090236868e-05 2.866322053932222015e-05 -8.357616581687825731e-04 1.164214482833439684e-03 -4.595221074411401005e-04 -2.453504974183411363e-04 -1.098475183086965092e-03 -8.723044910237878345e-05 -6.204012597309632162e-04 -5.272049385736199092e-06 1.624415103192161343e-03 -1.546328745225453421e-04 -1.038417841690300386e-03 -7.779023696034105062e-05 -5.322848008431130176e-04 -1.915786897556539387e-02 4.028390398073602584e-04
8.612850702533191363e-03 -1.968320787052143389e-02 -3.298724985211516636e-02 -5.159280279326339258e-02 4.209153421654521221e-02 1.815364759836852158e-03 -3.600142767796715021e-02 2.634841945714184661e-02 -2.983830147171755501e-03 -9.557657569482866248e-04 -1.184700786480641713e-02 3.452557301220710462e-03 6.227700021312518666e-03 -4.732465657890328088e-03 1.833751361342388900e-04 -6.676793765130319656e-03 1.411504724061558164e-03 -3.599817426030736678e-03 -1.295100380675696570e-04 -1.299573859641318897e-03 4.098135749188698204e-03 2.300796354662132642e-04 -1.073721949524074766e-04 -3.759362863521712096e-05 -1.890291867952845336e-03 -9.720774264006641911e-05 1.376157032143260090e-03 1.596315579292071241e-04 -8.783436273137530431e-05 -2.367042869758740427e-04 -2.689028145150901706e-03 -8.627235664066979924e-05 9.562646139005930848e-04 -2.121930707301808330e-04 -3.126906364993393625e-04 -1.906579792612528713e-04 -2.410228787239944177e-03 1.309221085886848324e-02 8.885589190329376552e-03
-6.927861881037312985e-03 1.565734638504674356e-02 2.591749807808073694e-02 4.166503962166503289e-02 -2.848260404265735846e-02 -3.217679834302435496e-03 2.921831197959249768e-02 -1.752494148009483069e-02 8.041185682173542871e-04 7.265895882050135918e-04 9.011685472312161785e-03 -2.715785979708779888e-03 -4.732465657890328088e-03 3.624028602586068775e-03 -1.438333294467274159e-04 5.573258644347495704e-03 -8.657201717016635737e-04 2.411321207261713558e-03 9.813389588672300574e-05 9.796501614760812996e-04 -3.431614837482068869e-03 -1.378223974723907579e-04 7.134071927065175137e-05 2.000875086807406947e-05 1.220139405039776968e-03 3.427531080997113142e-04 -8.932058770302206884e-04 -6.281754639542787722e-05 3.445574619420491077e-05 1.755312608855376301e-04 1.995063008138059282e-03 9.166899313695337610e-05 -4.773480817677998853e-04 1.508266729263617236e-04 4.288312319826945705e-04 1.222646604937907577e-04 1.830686780085632147e-03 -9.482421660457804324e-03 -6.642174395727366495e-03
-7.635783821495244542e-05 5.267585215118854346e-04 2.351712904723323870e-04 -2.549574693445154361e-03 6.830940882270469545e-04 3.569737914366334186e-04 -1.858174787705837386e-03 3.619135130786854432e-04 9.712175005676887212e-05 -2.859623414393225186e-05 -3.450710895945809033e-04 -6.351430051692590778e-05 1.833751361342388900e-04 -1.438333294467274159e-04 9.579350549326511090e-06 -3.270311265240650762e-04 -8.452626188403732045e-05 -1.491513721098980253e-04 -3.824097775935395027e-06 -3.640606599790346194e-05 2.516734342856710650e-04 -5.927263776314356668e-06 -1.006145327027071367e-06 -6.145691940958775300e-07 -1.771559520254569294e-05 -8.984814980042455811e-05 4.973911624661185701e-05 6.036001231676130514e-07 3.239972990308738558e-05 -1.214237250811770349e-05 -1.090867575238289351e-04 -9.806116088699409433e-06 -4.783048404412016926e-05 -3.753260721591925101e-06 -2.354346192179211834e-05 -1.451205435801352772e-06 -1.064537509483554794e-04 6.112496526251816678e-04 2.542057303487961668e-04
-1.392350080764614452e-02 1.533094288814342357e-02 2.481030444111950381e-02 1.220940168905646495e-01 2.711361786121464432e-02 8.195337905045641316e-03 9.077248005882479487e-02 1.870371315056356884e-02 4.253662083910267691e-03 1.048666070219057530e-03 1.295935162351832468e-02 -4.142552530754577307e-03 -6.676793765130319656e-03 5.573258644347495704e-03 -3.270311265240650762e-04 2.027737412252023780e-02 4.851534641758458236e-03 6.670986609380383237e-03 1.741554821187059354e-04 1.626949206245599739e-03 -1.397542023285307071e-02 5.417638550364906221e-04 -5.445868428916562725e-05 -3.543092734247100639e-05 -1.044227867658263165e-03 6.103894470381378279e-03 -1.936353287316172839e-03 4.076589052170718520e-04 -2.018508420337443692e-03 9.440014985107797246e-04 5.769914726678538643e-03 6.858940472038320326e-04 3.950058065879793155e-03 9.485029539899812430e-05 1.885358285703674867e-03 -1.573801961413758606e-04 5.778430378101165159e-03 1.319866655583471458e-02 1.750846604406628391e-03
1.962368368251572043e-02 -3.224819873522669078e-02 -4.026467611759803472e-02 2.900861911455501416e-02 3.908878759865216240e-02 3.344370662510479791e-03 2.360558580493016603e-02 2.567050997157167141e-02 1.132731799486821873e-04 -2.002171003149466545e-04 -2.714832586592778180e-03 4.539652987926506150e-03 1.411504724061558164e-03 -8.657201717016635737e-04 -8.452626188403732045e-05 4.851534641758458236e-03 4.911437716205928165e-03 2.172912029313164243e-03 -1.498935208074717097e-05 -2.266578499248487165e-04 -4.660464805296022153e-03 5.255363423850481063e-04 -1.061748672044625271e-04 -2.290249090710049775e-05 -1.790721631825505870e-03 3.379992230830962049e-03 -5.207411993801127010e-04 1.675685914501727654e-04 -1.503649290648957507e-03 3.328293835597748510e-04 1.289610900318061051e-03 2.884358857232661327e-04 3.045959285490881362e-03 -1.231678829809216777e-04 2.629698623843538651e-04 -2.051118578865776488e-04 1.449157023478254676e-03 7.313503842583215717e-03 6.256514077374401503e-03
1.413422241572805625e-02 -3.208727629037960022e-02 -4.224709104887610506e-02 4.741468023143705773e-02 -4.533613797829673386e-02 1.121611669102034331e-01 3.751332756542579555e-02 -3.989759928631739228e-02 7.673694305621374390e-02 5.857387782860359144e-04 6.937035107502840213e-03 1.264254463169473723e-03 -3.599817426030736678e-03 2.411321207261713558e-03 -1.491513721098980253e-04 6.670986609380383237e-03 2.172912029313164243e-03 2.395121384084665517e-02 1.633693443399671444e-04 1.636963170025508389e-03 -6.696016409607480693e-03 -3.158619417237485327e-04 2.136736229099302871e-04 2.848931631440211176e-04 5.353648074713098469e-03 -7.067891098443554931e-04 -9.283923495222008715e-03 -1.768737420814831809e-03 -2.755872428723500200e-03 1.798422909240817878e-03 9.986627889613550885e-03 8.371046620820325688e-07 -2.493608425255307987e-03 3.612205113906350666e-04 -6.013471715480745231e-03 4.703341317882120572e-04 8.117126107181913200e-03 2.792074351155523354e-02 1.340959604084158291e-02
-2.412369139760564378e-04 3.735781084862357351e-04 5.827016379915885176e-04 1.212945444215269598e-03 -8.024003861562010792e-04 4.798194211790791160e-04 8.710725061355351464e-04 -5.511111691550088639e-04 3.846850892225074821e-04 2.003162766997578713e-05 2.482224372412304551e-04 -8.430063381687385212e-05 -1.295100380675696570e-04 9.813389588672300574e-05 -3.824097775935395027e-06 1.741554821187059354e-04 -1.498935208074717097e-05 1.633693443399671444e-04 3.154405323818897652e-06 3.154563729366800285e-05 -1.146862071612501287e-04 -4.767881104727239384e-06 2.582456719410776318e-06 1.634916303709397889e-06 5.137993015466274895e-05 6.166465406275059800e-06 -6.199643471083204958e-05 -8.535096948617550727e-06 -1.100561123630462166e-05 1.295742825109669719e-05 9.406612846382011095e-05 2.502662532179684293e-06 -2.212879421774438895e-05 5.274086703597372293e-06 -1.468552210026867754e-05 4.785522117529139619e-06 8.180767974271934426e-05 -1.419543910596918308e-05 -7.717695291036513847e-05
-2.960555852890422914e-03 4.028411772381180686e-03 6.188314492115647159e-03 1.145022795285474508e-02 -8.728806455527458180e-03 4.980409069740911708e-03 8.186306075682207861e-03 -6.000843231114205527e-03 4.005405701986181066e-03 2.008399377186353995e-04 2.491202892436197077e-03 -8.898661340958671220e-04 -1.299573859641318897e-03 9.796501614760812996e-04 -3.640606599790346194e-05 1.626949206245599739e-03 -2.266578499248487165e-04 1.636963170025508389e-03 3.154563729366800285e-05 3.169454177381372762e-04 -1.054263720688932522e-03 -5.725770083252435606e-05 2.789133464493147703e-05 1.740754046392709928e-05 5.528742627258814886e-04 -4.822986876743901247e-06 -6.276290851182948901e-04 -9.266750620156872500e-05 -8.953834973389162275e-05 1.263197203765208131e-04 9.274013349911423626e-04 1.898209731117686641e-05 -2.803646992197438600e-04 5.489548167994704971e-05 -1.699582841032662233e-04 5.211540014523288489e-05 7.985046848074890463e-04 -2.177301746852406284e-04 -8.301717435609315670e-04
-3.919201902518411329e-03 7.813020801906954416e-03 5.156147894690980837e-03 -8.754688736952159767e-02 -1.967520507286753609e-02 -1.228349185643778235e-02 -6.573258153773473000e-02 -1.301549332177561261e-02 -7.715151285980314036e-03 -6.508150546966662590e-04 -7.899502020978091746e-03 1.716406456032546705e-04 4.098135749188698204e-03 -3.431614837482068869e-03 2.516734342856710650e-04 -1.397542023285307071e-02 -4.660464805296022153e-03 -6.696016409607480693e-03 -1.146862071612501287e-04 -1.054263720688932522e-03 1.036467194411102785e-02 -4.524976747525762968e-04 4.087030113949267570e-05 1.624499734014278232e-07 6.112861902730343635e-04 -4.587242730384538496e-03 2.121326256729345015e-03 -1.183881465894725811e-04 1.892184412414216806e-03 -7.859850337728904127e-04 -4.658608761768276776e-03 -4.900020897899894784e-04 -3.041941062692465197e-03 -5.396453920732379719e-05 -6.848928715857093008e-04 1.030093759970913611e-04 -4.555883082379052519e-03 -8.284318775492025347e-03 -2.753970542844670372e-03
1.854441694593303522e-03 -2.174762732582513104e-03 -2.821903625190491129e-03 2.735040131123764838e-03 6.287182207053692434e-03 -2.034184255334646734e-03 2.221516614191945769e-03 4.344519345603049462e-03 -1.740460858105264894e-03 -3.420872230683718722e-05 -4.370362278239742801e-04 3.612122545348847840e-04 2.300796354662132642e-04 -1.378223974723907579e-04 -5.927263776314356668e-06 5.417638550364906221e-04 5.255363423850481063e-04 -3.158619417237485327e-04 -4.767881104727239384e-06 -5.725770083252435606e-05 -4.524976747525762968e-04 7.194152339917455447e-05 -1.847944923087609434e-05 -1.049508948126197285e-05 -3.571633382342648917e-04 4.463506472584962380e-04 1.647373422147948099e-04 6.925440481270414843e-05 -1.152925477808189889e-04 2.117138600319513396e-06 -6.353725467238379289e-05 3.826415360448687556e-05 4.393541680480147755e-04 -2.291421500009870234e-05 1.964393303133504234e-04 -3.772645255506717598e-05 1.540457194361095919e-06 7.050986815167751198e-04 5.369931918532052382e-04
-1.688585869834690755e-04 2.531595350075276801e-04 4.132157775470150351e-04 -2.530574288532101389e-05 -1.956859705598861920e-03 9.220876891271604292e-04 -6.484454719024049729e-05 -1.365187408406300009e-03 7.526460559084430669e-04 1.640296344454996268e-05 2.029164080995664082e-04 -6.150520586090236868e-05 -1.073721949524074766e-04 7.134071927065175137e-05 -1.006145327027071367e-06 -5.445868428916562725e-05 -1.061748672044625271e-04 2.136736229099302871e-04 2.582456719410776318e-06 2.789133464493147703e-05 4.087030113949267570e-05 -1.847944923087609434e-05 5.847606753454140914e-06 4.088349154251922527e-06 1.182874997561906958e-04 -1.005431017056577738e-04 -9.224286237211711860e-05 -2.600016030525578278e-05 1.086292862726819644e-05 9.196812908964927655e-06 7.909404103232923924e-05 -8.079883115446937123e-06 -1.139099011587678704e-04 8.050404892162614650e-06 -7.313319451261558811e-05 1.203234616904551707e-05 5.381293769836316323e-05 -2.065190325834018301e-04 -1.325703714684840512e-04
1.923624233777418673e-04 -4.247479903361942944e-04 -5.360094952598359061e-04 -2.448185987475979289e-05 -1.154391862453534642e-03 1.379374692651105577e-03 -6.112235248243640204e-06 -8.878403848720314720e-04 9.895818474734208777e-04 6.012870179341096769e-06 7.044247779951033888e-05 2.866322053932222015e-05 -3.759362863521712096e-05 2.000875086807406947e-05 -6.145691940958775300e-07 -3.543092734247100639e-05 -2.290249090710049775e-05 2.848931631440211176e-04 1.634916303709397889e-06 1.740754046392709928e-05 1.624499734014278232e-07 -1.049508948126197285e-05 4.088349154251922527e-06 4.337301866885789528e-06 9.359892773807154014e-05 -6.050506091758989902e-05 -1.158454821439713943e-04 -2.794587366357755983e-05 -1.837992778032012124e-05 1.729383538048359095e-05 1.021424060228696349e-04 -5.195890815634032874e-06 -7.354374214345125039e-05 5.534295579849238464e-06 -9.273925748930511332e-05 8.975285831271328601e-06 7.544967769033325544e-05 1.424030457251520025e-04 9.050696746248876009e-05
-8.222450306003288968e-04 1.409539939063944028e-03 2.957620413275073232e-03 -6.559970655781286082e-04 -3.765756309690928422e-02 2.461922163853589099e-02 -1.085050722253360798e-03 -2.695621259761845842e-02 1.892606678383665711e-02 2.906352347728808488e-04 3.572630024633196340e-03 -8.357616581687825731e-04 -1.890291867952845336e-03 1.220139405039776968e-03 -1.771559520254569294e-05 -1.044227867658263165e-03 -1.790721631825505870e-03 5.353648074713098469e-03 5.137993015466274895e-05 5.528742627258814886e-04 6.112861902730343635e-04 -3.571633382342648917e-04 1.182874997561906958e-04 9.359892773807154014e-05 2.475222965039509688e-03 -1.965504131050276396e-03 -2.256116672794744680e-03 -5.980204717014237946e-04 2.717757294769590688e-05 2.720341007343292350e-04 1.965413590866669016e-03 -1.595175721708840476e-04 -2.266687467862408840e-03 1.628425008572182862e-04 -1.791917380706417855e-03 2.473581459844364930e-04 1.383697389019181807e-03 -1.515619931483434390e-03 -1.172139593943477076e-03
5.005303437516949762e-03 -8.424589858511535856e-03 -9.466287495856998135e-03 3.480549812358545159e-02 3.464027589034334581e-02 -1.098335855157137227e-02 2.671513472981390871e-02 2.421724225125890598e-02 -9.220181033124191794e-03 2.430835330593495198e-05 2.248637882725067086e-04 1.164214482833439684e-03 -9.720774264006641911e-05 3.427531080997113142e-04 -8.984814980042455811e-05 6.103894470381378279e-03 3.379992230830962049e-03 -7.067891098443554931e-04 6.166465406275059800e-06 -4.822986876743901247e-06 -4.587242730384538496e-03 4.463506472584962380e-04 -1.005431017056577738e-04 -6.050506091758989902e-05 -1.965504131050276396e-03 3.247027142508967720e-03 5.909774231115628388e-04 4.298801130139362058e-04 -8.692426064080559277e-04 1.433584716233753142e-04 5.632888680855761918e-04 3.054642909623922833e-04 2.853217842008151910e-03 -9.771134294447338369e-05 1.380236842674965794e-03 -2.139499288637719846e-04 9.091880362653497827e-04 4.192381694558709390e-03 2.317223856255564481e-03
-5.187005477144769616e-03 1.203338912807671267e-02 1.585427149772316441e-02 -1.485719145292218463e-02 2.110181863486626508e-02 -4.399021222818080140e-02 -1.183050743859662829e-02 1.786772560994622297e-02 -3.032023580612957375e-02 -2.231227326259688660e-04 -2.644286171428825161e-03 -4.595221074411401005e-04 1.376157032143260090e-03 -8.932058770302206884e-04 4.973911624661185701e-05 -1.936353287316172839e-03 -5.207411993801127010e-04 -9.283923495222008715e-03 -6.199643471083204958e-05 -6.276290851182948901e-04 2.121326256729345015e-03 1.647373422147948099e-04 -9.224286237211711860e-05 -1.158454821439713943e-04 -2.256116672794744680e-03 5.909774231115628388e-04 3.630594911128815633e-03 7.248331467014368368e-04 9.768244336700424198e-04 -6.751985996269608322e-04 -3.780202970681042791e-03 3.037511765633787512e-05 1.237749048899354845e-03 -1.482841587169314893e-04 2.452822191497698243e-03 -2.025283239010938763e-04 -3.027639904847429560e-03 -1.000718839578053874e-02 -4.848723061593035455e-03
-2.474779609110741747e-03 2.940036100039302835e-03 3.853957889278319254e-03 1.282654807659788484e-03 7.358468676048455885e-03 -8.837717496835685582e-03 8.678293392266730934e-04 5.678504036755824096e-03 -6.322670000517047195e-03 -2.573929504860502634e-05 -2.928581970441389336e-04 -2.453504974183411363e-04 1.596315579292071241e-04 -6.281754639542787722e-05 6.036001231676130514e-07 4.076589052170718520e-04 1.675685914501727654e-04 -1.768737420814831809e-03 -8.535096948617550727e-06 -9.266750620156872500e-05 -1.183881465894725811e-04 6.925440481270414843e-05 -2.600016030525578278e-05 -2.794587366357755983e-05 -5.980204717014237946e-04 4.298801130139362058e-04 7.248331467014368368e-04 1.823764031564417871e-04 1.064425999243885228e-04 -1.030879215522721124e-04 -6.021664406736953502e-04 3.858689215789720700e-05 4.928251017519488927e-04 -3.359428513768332534e-05 6.121987673098652728e-04 -5.772104314470146688e-05 -4.318427283468747723e-04 -9.048371087415736039e-04 -6.274837228971222314e-04
-5.969223159348102485e-03 1.021525497405787429e-02 1.334836739857991200e-02 -1.201184182274079963e-02 -7.661232702371554605e-03 -1.185342758359126183e-02 -9.716492025638810703e-03 -4.015220905450242461e-03 -7.314364486492954710e-03 6.084492924739752939e-06 1.546110738727139906e-04 -1.098475183086965092e-03 -8.783436273137530431e-05 3.445574619420491077e-05 3.239972990308738558e-05 -2.018508420337443692e-03 -1.503649290648957507e-03 -2.755872428723500200e-03 -1.100561123630462166e-05 -8.953834973389162275e-05 1.892184412414216806e-03 -1.152925477808189889e-04 1.086292862726819644e-05 -1.837992778032012124e-05 2.717757294769590688e-05 -8.692426064080559277e-04 9.768244336700424198e-04 1.064425999243885228e-04 6.586211526009537595e-04 -2.622703171924629364e-04 -1.271831361459168112e-03 -8.163808628832549066e-05 -6.125597250269542056e-04 1.129498626188066555e-06 4.608545936947716377e-04 1.652659964199849107e-05 -1.145507862552800921e-03 -5.629960139802252933e-03 -3.237767795944622613e-03
-3.488143730778489669e-04 -1.586341001945107713e-03 -2.448446066993413377e-03 5.337448132173918357e-03 -2.813405693762472000e-04 8.841181105480603458e-03 4.231021707384919478e-03 -9.899961330734684088e-04 5.739266056871004246e-03 3.952875574771899517e-05 4.740954277124435402e-04 -8.723044910237878345e-05 -2.367042869758740427e-04 1.755312608855376301e-04 -1.214237250811770349e-05 9.440014985107797246e-04 3.328293835597748510e-04 1.798422909240817878e-03 1.295742825109669719e-05 1.263197203765208131e-04 -7.859850337728904127e-04 2.117138600319513396e-06 9.196812908964927655e-06 1.729383538048359095e-05 2.720341007343292350e-04 1.433584716233753142e-04 -6.751985996269608322e-04 -1.030879215522721124e-04 -2.622703171924629364e-04 1.560831020123980707e-04 8.147906566200990288e-04 2.039510330467350459e-05 -1.867388495698317751e-05 2.155131826998340092e-05 -3.747910796401919802e-04 2.028610543591336576e-05 6.903203115195888969e-04 3.546904687660396970e-03 1.512964591714818091e-03
1.242516596578135566e-03 -6.740204877575070412e-03 -8.126191394958149142e-03 3.760383940871967617e-02 -1.549163314747671778e-02 4.298621387696020119e-02 2.862559417608717682e-02 -1.377504685135609586e-02 2.938297927800966047e-02 4.281254727876440073e-04 5.195916399560893129e-03 -6.204012597309632162e-04 -2.689028145150901706e-03 1.995063008138059282e-03 -1.090867575238289351e-04 5.769914726678538643e-03 1.289610900318061051e-03 9.986627889613550885e-03 9.406612846382011095e-05 9.274013349911423626e-04 -4.658608761768276776e-03 -6.353725467238379289e-05 7.909404103232923924e-05 1.021424060228696349e-04 1.965413590866669016e-03 5.632888680855761918e-04 -3.780202970681042791e-03 -6.021664406736953502e-04 -1.271831361459168112e-03 8.147906566200990288e-04 4.674037238970285210e-03 1.007018492086415818e-04 -4.689113560189828189e-04 1.627481917861891376e-04 -1.927341135526979997e-03 1.649166542338647602e-04 3.963583030914390529e-03 1.202500920695727567e-02 4.745101736463485514e-03
-2.038564282270526824e-05 -1.649076834953360925e-04 -9.294857263484510533e-05 3.903760827274617342e-03 2.921755162889687254e-03 -7.400435446873259663e-04 2.959263122931732239e-03 2.036646772330378066e-03 -6.623998125671282057e-04 1.415047502538177703e-05 1.716326538330194501e-04 -5.272049385736199092e-06 -8.627235664066979924e-05 9.166899313695337610e-05 -9.806116088699409433e-06 6.858940472038320326e-04 2.884358857232661327e-04 8.371046620820325688e-07 2.502662532179684293e-06 1.898209731117686641e-05 -4.900020897899894784e-04 3.826415360448687556e-05 -8.079883115446937123e-06 -5.195890815634032874e-06 -1.595175721708840476e-04 3.054642909623922833e-04 3.037511765633787512e-05 3.858689215789720700e-05 -8.163808628832549066e-05 2.039510330467350459e-05 1.007018492086415818e-04 3.031239842627437482e-05 2.524127210294834422e-04 -6.030818979623458021e-06 1.304731390186697406e-04 -1.783149182452793474e-05 1.274515295393817958e-04 5.353522337711552181e-04 1.939094318041620639e-04
5.935682142663913086e-03 -9.354866977752045870e-03 -1.151504010019660344e-02 2.070015067756701341e-02 3.777040030434818119e-02 -1.645017029736139252e-02 1.629034047829842555e-02 2.657477366471262814e-02 -1.316630301357478092e-02 -1.405213833480639912e-04 -1.800610988928895168e-03 1.624415103192161343e-03 9.562646139005930848e-04 -4.773480817677998853e-04 -4.783048404412016926e-05 3.950058065879793155e-03 3.045959285490881362e-03 -2.493608425255307987e-03 -2.212879421774438895e-05 -2.803646992197438600e-04 -3.041941062692465197e-03 4.393541680480147755e-04 -1.139099011587678704e-04 -7.354374214345125039e-05 -2.266687467862408840e-03 2.853217842008151910e-03 1.237749048899354845e-03 4.928251017519488927e-04 -6.125597250269542056e-04 -1.867388495698317751e-05 -4.689113560189828189e-04 2.524127210294834422e-04 2.760791457723467054e-03 -1.352230186500167144e-04 1.500234613869134157e-03 -2.376362482366813458e-04 -2.007314719873915529e-05 2.967392211467041480e-03 2.218244743313082818e-03
-5.021845193107484038e-04 6.803821635725400534e-04 1.006718521868031190e-03 9.430923725708419917e-04 -2.564436228122352404e-03 1.462521961356526550e-03 6.336142326641179068e-04 -1.800649244906603981e-03 1.151247834383798806e-03 3.263266203524100179e-05 4.051627966939022911e-04 -1.546328745225453421e-04 -2.121930707301808330e-04 1.508266729263617236e-04 -3.753260721591925101e-06 9.485029539899812430e-05 -1.231678829809216777e-04 3.612205113906350666e-04 5.274086703597372293e-06 5.489548167994704971e-05 -5.396453920732379719e-05 -2.291421500009870234e-05 8.050404892162614650e-06 5.534295579849238464e-06 1.628425008572182862e-04 -9.771134294447338369e-05 -1.482841587169314893e-04 -3.359428513768332534e-05 1.129498626188066555e-06 2.155131826998340092e-05 1.627481917861891376e-04 -6.030818979623458021e-06 -1.352230186500167144e-04 1.262965436356676596e-05 -8.876407056633733893e-05 1.609674707494773824e-05 1.260186752886989948e-04 -1.021868970089634187e-04 -1.600520253995562291e-04
-6.078138719026015234e-03 1.199775027172955873e-02 1.718173308980239580e-02 9.943520239702971844e-03 1.746159115368756121e-02 -3.357630027411819679e-02 6.629308549649057594e-03 1.485753668778848693e-02 -2.299163715053673118e-02 4.233920823484802766e-05 6.057691065822318980e-04 -1.038417841690300386e-03 -3.126906364993393625e-04 4.288312319826945705e-04 -2.354346192179211834e-05 1.885358285703674867e-03 2.629698623843538651e-04 -6.013471715480745231e-03 -1.468552210026867754e-05 -1.699582841032662233e-04 -6.848928715857093008e-04 1.964393303133504234e-04 -7.313319451261558811e-05 -9.273925748930511332e-05 -1.791917380706417855e-03 1.380236842674965794e-03 2.452822191497698243e-03 6.121987673098652728e-04 4.608545936947716377e-04 -3.747910796401919802e-04 -1.927341135526979997e-03 1.304731390186697406e-04 1.500234613869134157e-03 -8.876407056633733893e-05 2.206293929923800086e-03 -1.686341309791964001e-04 -1.355741040783591282e-03 -7.186723847847741563e-03 -4.206364981198541450e-03
-1.115481464220411109e-05 2.026279063915391722e-04 4.169054123402183600e-04 -3.100224588433601923e-04 -3.993560615054441570e-03 2.099191675545345175e-03 -3.093052979165645264e-04 -2.810516021721009856e-03 1.678973932856269932e-03 2.914482982169202052e-05 3.585704220620721991e-04 -7.779023696034105062e-05 -1.906579792612528713e-04 1.222646604937907577e-04 -1.451205435801352772e-06 -1.573801961413758606e-04 -2.051118578865776488e-04 4.703341317882120572e-04 4.785522117529139619e-06 5.211540014523288489e-05 1.030093759970913611e-04 -3.772645255506717598e-05 1.203234616904551707e-05 8.975285831271328601e-06 2.473581459844364930e-04 -2.139499288637719846e-04 -2.025283239010938763e-04 -5.772104314470146688e-05 1.652659964199849107e-05 2.028610543591336576e-05 1.649166542338647602e-04 -1.783149182452793474e-05 -2.376362482366813458e-04 1.609674707494773824e-05 -1.686341309791964001e-04 2.510532860040092906e-05 1.102091363995993668e-04 -3.829673463058934748e-04 -2.161276433902209959e-04
5.912824154632693053e-04 -5.574724908829005628e-03 -6.331819539404976230e-03 3.707168722757252927e-02 -9.044472913230820407e-03 3.340187033985685811e-02 2.814218670246047133e-02 -8.630507237398075959e-03 2.270454572997868473e-02 3.837699174694297519e-04 4.659859634695274339e-03 -5.322848008431130176e-04 -2.410228787239944177e-03 1.830686780085632147e-03 -1.064537509483554794e-04 5.778430378101165159e-03 1.449157023478254676e-03 8.117126107181913200e-03 8.180767974271934426e-05 7.985046848074890463e-04 -4.555883082379052519e-03 1.540457194361095919e-06 5.381293769836316323e-05 7.544967769033325544e-05 1.383697389019181807e-03 9.091880362653497827e-04 -3.027639904847429560e-03 -4.318427283468747723e-04 -1.145507862552800921e-03 6.903203115195888969e-04 3.963583030914390529e-03 1.274515295393817958e-04 -2.007314719873915529e-05 1.260186752886989948e-04 -1.355741040783591282e-03 1.102091363995993668e-04 3.425858634417045315e-03 1.009236436920528217e-02 3.909214956635148966e-03
-3.273682562642465932e-02 7.135981479603629996e-02 1.750456244368685244e-02 -3.097296956571380863e-02 2.119987804136653498e-01 2.669000282126701151e-01 -9.361712866527321583e-03 1.094377393072421961e-01 1.450855167217099950e-01 -1.954862337888235539e-03 -2.316960057531441963e-02 -1.915786897556539387e-02 1.309221085886848324e-02 -9.482421660457804324e-03 6.112496526251816678e-04 1.319866655583471458e-02 7.313503842583215717e-03 2.792074351155523354e-02 -1.419543910596918308e-05 -2.177301746852406284e-04 -8.284318775492025347e-03 7.050986815167751198e-04 -2.065190325834018301e-04 1.424030457251520025e-04 -1.515619931483434390e-03 4.192381694558709390e-03 -1.000718839578053874e-02 -9.048371087415736039e-04 -5.629960139802252933e-03 3.546904687660396970e-03 1.202500920695727567e-02 5.353522337711552181e-04 2.967392211467041480e-03 -1.021868970089634187e-04 -7.186723847847741563e-03 -3.829673463058934748e-04 1.009236436920528217e-02 2.187291528849322209e-01 8.551393264577474007e-02
1.520331462075232357e-02 -2.378486433677271666e-02 -5.831012385021645816e-02 -2.831151532848603936e-02 1.001009646956352306e-01 1.150350112495453631e-01 -1.340302133441394206e-02 5.285565639839014812e-02 6.338158604619960335e-02 -1.330552068944455000e-03 -1.641118129807897508e-02 4.028390398073602584e-04 8.885589190329376552e-03 -6.642174395727366495e-03 2.542057303487961668e-04 1.750846604406628391e-03 6.256514077374401503e-03 1.340959604084158291e-02 -7.717695291036513847e-05 -8.301717435609315670e-04 -2.753970542844670372e-03 5.369931918532052382e-04 -1.325703714684840512e-04 9.050696746248876009e-05 -1.172139593943477076e-03 2.317223856255564481e-03 -4.848723061593035455e-03 -6.274837228971222314e-04 -3.237767795944622613e-03 1.512964591714818091e-03 4.745101736463485514e-03 1.939094318041620639e-04 2.218244743313082818e-03 -1.600520253995562291e-04 -4.206364981198541450e-03 -2.161276433902209959e-04 3.909214956635148966e-03 8.551393264577474007e-02 3.932591112478626971e-02
