2.084863478961051619e+00 -1.713375354781707660e-01 -3.004085008413150959e-01 2.714670089365477448e-02 -3.412619763068037992e-03 2.750456695668342805e-02 1.005873255909656844e-02 4.448393050612608861e-03 1.961200336012200451e-02 2.693720450334550608e-03 -1.100638286011765277e-02 5.094103982950668602e-02 2.667658719879628312e-02 -2.221641866734647836e-02 -7.270611500207330158e-04 -7.688393282263610018e-03 1.428750436525136509e-02 1.275109028022781629e-02 -8.223178560932722621e-04 1.516597900384490227e-03 -8.929323509133006015e-03 -6.362233451031207299e-03 4.514397621021998437e-03 -5.934226360369365769e-04 7.316919234157720411e-04 8.714291920337915998e-03 -8.070186373041703456e-03 2.268373550237700199e-03 -9.681838470739095176e-03 1.223072233696963391e-02 1.622612784400069910e-02 -5.191834845856592440e-03 3.378889568165447787e-04 2.215437812521915423e-03 -5.986890220671589428e-03 3.125972141417249304e-03 3.762952461730386961e-03 -3.511336274808649766e-02 2.278466244589789566e-02
-1.713375354781707660e-01 5.002648076361266849e-01 5.842349407498419467e-01 -6.209786969559533132e-02 3.473252883076888980e-03 -5.798821489396750045e-02 -4.614869069552988978e-02 -4.232636524897314539e-03 -5.318179373182990721e-02 -4.251414763902261994e-03 2.623334554857284506e-02 -6.742087003495429720e-02 -5.582500551743974082e-02 4.422779265517486763e-02 -3.175554892647711311e-04 5.461152820148534523e-03 -2.356095803800753799e-02 -2.877421503356259944e-02 4.835510466169657458e-04 -3.192535901103924802e-03 2.023842120191509525e-02 9.231004470762114306e-03 -7.323688529980842271e-03 1.694987138697308642e-03 -4.234813191228697406e-03 -1.540609968187294648e-02 1.818595654108079440e-02 -4.142703705188379229e-03 1.964977066808260703e-02 -2.374661697740295535e-02 -3.660235981207167477e-02 6.730756074277153937e-03 -2.408744633819791779e-03 -3.480113806645018966e-03 1.298113224859211330e-02 -4.328243656937553682e-03 -9.962930630563126069e-03 7.600897854066709924e-02 -4.000335479972803171e-02
-3.004085008413150959e-01 5.842349407498419467e-01 7.109849122757819773e-01 -1.226831252106799636e-01 2.469446159103687310e-02 -1.799588741464301644e-01 -8.955017213113548868e-02 1.787213660139692906e-02 -1.348263875128014044e-01 -2.801238458428886163e-03 1.657558713630116060e-02 -8.613611789501418592e-02 -4.066700940383921603e-02 3.249178052643857117e-02 -1.233849679349717076e-03 7.192073623185093155e-03 -3.699385047094447265e-02 -5.274414149799064311e-02 1.102443162992421794e-04 -3.139580382077847114e-03 3.401130990325554326e-02 6.906822474200786238e-03 -8.888452249870370733e-03 4.466929668870492538e-03 -1.332172228697932857e-02 -1.956268106292937889e-02 3.483691294996710264e-02 5.366678638957247949e-03 4.744162452024174720e-02 -3.463026205127664459e-02 -6.185887258765574576e-02 4.285736872464141790e-03 -5.746106195869147247e-03 -3.089102469297975734e-03 2.527641745218979843e-02 -3.484923074527466677e-03 -1.864833337136204139e-02 4.008240026115415799e-02 -6.955112935728573198e-02
2.714670089365477448e-02 -6.209786969559533132e-02 -1.226831252106799636e-01 6.732825792014212052e-01 1.173801709754642431e-01 -1.710497461224211313e-02 4.765132685543737034e-01 1.130910177572874709e-01 -1.612559255985646089e-02 -1.989504690947963700e-02 1.332786283566023688e-01 9.062802621166696215e-02 -2.137629947916191708e-01 1.873512116137513450e-01 -2.350109040994979945e-03 2.166572092528160770e-02 7.913096729161316067e-02 4.163649854114338106e-02 7.548350825292234403e-03 -3.468200258914894141e-02 -1.836584474066181305e-01 7.116152758952534740e-02 1.807164391951260329e-02 -1.906809819378125440e-03 4.305882631652482861e-02 8.309146022465754844e-02 -1.395587396147392883e-02 -3.394075453009154364e-04 -2.021138118708695752e-02 5.676056088642257233e-03 2.885791647732593654e-02 4.586858945889814992e-02 1.163264956481837031e-01 -1.892749263826725217e-02 -1.797071846388083316e-02 -2.031051742899307039e-02 2.637821169164512522e-03 1.878718929045839967e-02 1.053640021978386777e-03
-3.412619763068037992e-03 3.473252883076888980e-03 2.469446159103687310e-02 1.173801709754642431e-01 6.636908885536196845e-01 -1.073391454779263343e-01 1.401227500788023161e-01 4.298388851809996081e-01 -1.321577638723300252e-01 1.402729415209678747e-02 -1.011520515192297770e-01 -7.917311140228293354e-02 1.781888071447093047e-01 -1.185764125991378842e-01 -4.023731726912945644e-03 1.046169545100595066e-01 -4.555615965701519110e-02 -4.461654313664395466e-02 3.730021522130432237e-03 -2.674851583122750398e-02 -1.054420939608839564e-01 2.770417727432416405e-02 1.184144112965292671e-02 -5.225451070491331403e-04 -3.071909399346077138e-02 6.847102966222472220e-02 3.000240417993234668e-02 5.393099982719502111e-02 1.099265144349152179e-01 2.098123521367487032e-02 2.582953222050799608e-02 3.364579273256878417e-03 6.732091834044977297e-02 -1.532387235856797272e-03 3.260583991239625334e-02 -5.349845082650048905e-03 -4.666003368959123834e-03 1.837808016533484801e-01 9.969986859196303119e-02
2.750456695668342805e-02 -5.798821489396750045e-02 -1.799588741464301644e-01 -1.710497461224211313e-02 -1.073391454779263343e-01 6.613026586289587616e-01 -1.877437811001109180e-03 -1.431726878631685851e-01 4.280093887607802627e-01 -9.187848110990585408e-04 1.463015450228110021e-03 -5.899472565899789925e-03 -1.096647607704485418e-02 9.414053177107806203e-04 6.067939777814839938e-03 -3.542018624266084215e-03 1.388709439104929624e-02 9.086184033364352874e-02 -5.680897053944424305e-04 1.125438758964023879e-02 1.564500289660100685e-02 -1.024011366373571430e-02 -4.955328354252950922e-03 -1.395645086509384597e-02 2.537644483575833554e-02 -2.271979878855420049e-02 -7.210992933089015178e-02 -5.321174166078257439e-02 -1.240878244892539284e-01 4.284215345826040966e-02 1.057416074368902337e-01 -1.758793755970836092e-03 -3.248212841784281490e-02 3.806214151373330142e-03 -4.864864182436545031e-02 5.768492571984308939e-04 4.087472927751130414e-02 2.841679007352836406e-01 1.482248271065749745e-01
1.005873255909656844e-02 -4.614869069552988978e-02 -8.955017213113548868e-02 4.765132685543737034e-01 1.401227500788023161e-01 -1.877437811001109180e-03 3.429534359417764078e-01 1.141910705203144222e-01 -1.050807044740320606e-02 -1.247091836003624485e-02 8.270820464920226878e-02 5.522072063824323696e-02 -1.313916302315584206e-01 1.184354216829414108e-01 -1.815508567975711134e-03 2.468652113060073108e-02 5.095625687529936609e-02 2.744525473113550856e-02 5.556344931219116962e-03 -2.615373769225804584e-02 -1.365371433674870683e-01 5.150611569743945850e-02 1.347983898136250608e-02 -1.792840817484954268e-03 2.769668348622530279e-02 6.325719428171093506e-02 -9.066102310009132442e-03 3.227935914218969110e-03 -7.471614417921997042e-03 7.240582801779550486e-03 2.566835291181044851e-02 3.198911154183523009e-02 8.582526574171175926e-02 -1.311795617023147655e-02 -1.087955292454067038e-02 -1.452911695333933967e-02 2.648011293414883130e-03 3.850255978002159463e-02 1.460571685791032387e-02
4.448393050612608861e-03 -4.232636524897314539e-03 1.787213660139692906e-02 1.130910177572874709e-01 4.298388851809996081e-01 -1.431726878631685851e-01 1.141910705203144222e-01 2.891355728679791959e-01 -1.314625552466730241e-01 7.778264735968446787e-03 -5.594968630549013167e-02 -4.195348352102520190e-02 1.008938294273063474e-01 -6.405085074007470236e-02 -3.322837084443793464e-03 6.626551964122558147e-02 -2.497787856299692882e-02 -3.532704827083812948e-02 2.781750993401867211e-03 -1.972450317579048373e-02 -7.765264500750411469e-02 2.209028236966480846e-02 9.053688919971002863e-03 1.161307355045991183e-03 -1.951207335234389495e-02 4.993644255459858683e-02 2.583488617700655660e-02 3.964484200454897883e-02 8.099021155782304415e-02 8.792519042673977575e-03 6.008567074864258270e-03 4.684972723446954174e-03 5.193471781694150580e-02 -2.367441222665496794e-03 2.459812796425316084e-02 -4.414029607756695534e-03 -7.303014823982520269e-03 8.028758527864617023e-02 4.534929114198696376e-02
1.961200336012200451e-02 -5.318179373182990721e-02 -1.348263875128014044e-01 -1.612559255985646089e-02 -1.321577638723300252e-01 4.280093887607802627e-01 -1.050807044740320606e-02 -1.314625552466730241e-01 2.836605732990896689e-01 -1.948283060312867637e-03 1.086943496678686484e-02 6.753525190984020939e-03 -2.398985043248372945e-02 1.202716840719452590e-02 4.207409657104158908e-03 -1.254979998012810405e-02 1.444864704147253397e-02 6.268339640804410084e-02 -6.913191724644261217e-04 9.591757283704101245e-03 1.842050372523228868e-02 -9.008631938095305880e-03 -3.936868069812591089e-03 -8.788081067236341165e-03 1.938054376283588481e-02 -2.001475320330543817e-02 -4.894792140052114937e-02 -3.862832901781898531e-02 -8.957101618702248413e-02 2.565470613895461799e-02 6.527454658416238786e-02 -1.360486606629246129e-03 -2.623962689513497509e-02 2.534805888652998627e-03 -3.431481875394921249e-02 8.977460457947165906e-04 2.648858769404091942e-02 1.582546483328320652e-01 8.463737184829356330e-02
2.693720450334550608e-03 -4.251414763902261994e-03 -2.801238458428886163e-03 -1.989504690947963700e-02 1.402729415209678747e-02 -9.187848110990585408e-04 -1.247091836003624485e-02 7.778264735968446787e-03 -1.948283060312867637e-03 1.150414900492180165e-03 -7.876415194093844621e-03 -4.521833134039515006e-03 1.324689254356357059e-02 -1.051851877325456729e-02 -1.797547331137437708e-05 2.044645069969841002e-03 -3.748278991694047914e-03 -2.244589771477447423e-03 -1.725170225364299858e-04 5.464494766650523309e-04 3.364314024262147172e-03 -1.896243132200001961e-03 -2.234497189366245560e-04 1.688846149543784059e-05 -2.299721162150875423e-03 -8.808426242962533181e-04 1.013970774385370604e-03 1.503211089427394483e-03 3.373501120967061992e-03 7.341949850114941074e-04 2.758317365067172494e-04 -1.628872624964389660e-03 -2.275882007516842089e-03 6.803482081838455953e-04 1.320758377557835475e-03 6.320545747206859216e-04 -5.096935634820695714e-05 3.715720842602635715e-03 3.399583147212983849e-03
-1.100638286011765277e-02 2.623334554857284506e-02 1.657558713630116060e-02 1.332786283566023688e-01 -1.011520515192297770e-01 1.463015450228110021e-03 8.270820464920226878e-02 -5.594968630549013167e-02 1.086943496678686484e-02 -7.876415194093844621e-03 5.406853340403215691e-02 3.192201695056048893e-02 -9.086431239547793082e-02 7.195816251732431446e-02 1.085200153006405537e-04 -1.499658191755933422e-02 2.580860442714869724e-02 1.494786974215150770e-02 1.120379859911674759e-03 -3.463332952190963619e-03 -2.173777278134533114e-02 1.249525431241174656e-02 1.466648377021145724e-03 1.568354617897567890e-05 1.563100903428849692e-02 5.468948741112219722e-03 -6.600546479926356139e-03 -1.021368408785856656e-02 -2.293438977594801712e-02 -5.446418586411975148e-03 -2.940480088832153963e-03 1.090720554073936616e-02 1.488862562793801664e-02 -4.580296446913226238e-03 -8.890897531838347703e-03 -4.173212153529393988e-03 6.562940265432942570e-05 -3.034263192908647280e-02 -2.520968261913526451e-02
5.094103982950668602e-02 -6.742087003495429720e-02 -8.613611789501418592e-02 9.062802621166696215e-02 -7.917311140228293354e-02 -5.899472565899789925e-03 5.522072063824323696e-02 -4.195348352102520190e-02 6.753525190984020939e-03 -4.521833134039515006e-03 3.192201695056048893e-02 3.417150062104498676e-02 -5.156146783610140311e-02 4.040369735910559479e-02 4.198795411500192006e-05 -1.321069562109928458e-02 2.102364830548673208e-02 1.277870634335267000e-02 5.145115747884642689e-04 -1.175069104739343223e-03 -1.444451574845397220e-02 5.656889269316039102e-03 2.000515507106908134e-03 1.547560889091632690e-04 1.053531336773686107e-02 4.803671539981394477e-03 -5.918466507543122812e-03 -5.565036367347580074e-03 -1.704897260601170167e-02 -1.158584249716680540e-03 5.566014707721901036e-04 5.541512537426225224e-03 8.706412822773117177e-03 -2.307054258258270461e-03 -7.228157648099574686e-03 -1.694488117003737282e-03 6.503870933890325019e-04 -4.573488563626130349e-02 -1.600298910874047020e-02
2.667658719879628312e-02 -5.582500551743974082e-02 -4.066700940383921603e-02 -2.137629947916191708e-01 1.781888071447093047e-01 -1.096647607704485418e-02 -1.313916302315584206e-01 1.008938294273063474e-01 -2.398985043248372945e-02 1.324689254356357059e-02 -9.086431239547793082e-02 -5.156146783610140311e-02 1.532837214415753713e-01 -1.208993105427795256e-01 -3.173001111910781153e-04 2.622414555141750273e-02 -4.248250934363106968e-02 -2.555070787642410926e-02 -1.772558996833440694e-03 5.135724061471079460e-03 3.290569313172239663e-02 -2.006074871127007386e-02 -1.920239731064419305e-03 9.371120000355112622e-05 -2.628305622346220269e-02 -7.015442948204911496e-03 1.171317764416843210e-02 1.841987265683121128e-02 4.041593340263177625e-02 9.391768342581364309e-03 4.945768252895261716e-03 -1.793112141462660514e-02 -2.266958085258535122e-02 7.506831694686714671e-03 1.535042253982261962e-02 6.839754970265969972e-03 -4.276160072136324895e-04 4.713299199652584009e-02 4.220211759123389250e-02
-2.221641866734647836e-02 4.422779265517486763e-02 3.249178052643857117e-02 1.873512116137513450e-01 -1.185764125991378842e-01 9.414053177107806203e-04 1.184354216829414108e-01 -6.405085074007470236e-02 1.202716840719452590e-02 -1.051851877325456729e-02 7.195816251732431446e-02 4.040369735910559479e-02 -1.208993105427795256e-01 9.645310529850316394e-02 4.497942859067448362e-05 -1.721825665365326816e-02 3.390842175811540488e-02 1.922096023538760051e-02 1.681373968545965764e-03 -5.676704029610463685e-03 -3.318482838651526379e-02 1.832452147221104097e-02 2.275241388086982584e-03 -4.047968824622493432e-05 2.069244910198980020e-02 9.468777741798320088e-03 -8.222005883979961391e-03 -1.270108393806131282e-02 -2.843581915588489634e-02 -7.017317293442885788e-03 -3.267455618948169899e-03 1.532161420730548951e-02 2.264281043482358965e-02 -6.432290277422939885e-03 -1.127063188847722032e-02 -6.026801949188394583e-03 -1.374713070133716606e-05 -3.320863941904891870e-02 -3.150410579573399011e-02
-7.270611500207330158e-04 -3.175554892647711311e-04 -1.233849679349717076e-03 -2.350109040994979945e-03 -4.023731726912945644e-03 6.067939777814839938e-03 -1.815508567975711134e-03 -3.322837084443793464e-03 4.207409657104158908e-03 -1.797547331137437708e-05 1.085200153006405537e-04 4.198795411500192006e-05 -3.173001111910781153e-04 4.497942859067448362e-05 7.455741266786056079e-05 -5.267675321460880793e-04 1.069231657933259193e-04 8.476808986225602225e-04 -3.940230593090342649e-05 2.958866278893793576e-04 1.046357075240020740e-03 -3.819474287393565112e-04 -1.391042796284813689e-04 -1.105108826754422292e-04 2.359465278741365536e-04 -6.950908453264334052e-04 -6.984152915689165533e-04 -6.777843832506988235e-04 -1.460249488445667645e-03 2.543686779185499514e-04 7.048757079128683970e-04 -1.433089606705803076e-04 -8.539334720184916464e-04 8.575002344404119344e-05 -5.020084308236425711e-04 7.793640442177327205e-05 3.570300951079426145e-04 1.574695043869322759e-03 8.163752213328091117e-04
-7.688393282263610018e-03 5.461152820148534523e-03 7.192073623185093155e-03 2.166572092528160770e-02 1.046169545100595066e-01 -3.542018624266084215e-03 2.468652113060073108e-02 6.626551964122558147e-02 -1.254979998012810405e-02 2.044645069969841002e-03 -1.499658191755933422e-02 -1.321069562109928458e-02 2.622414555141750273e-02 -1.721825665365326816e-02 -5.267675321460880793e-04 1.688329013397671038e-02 -6.831119821921390403e-03 -5.277241419269895067e-03 6.384330602325434447e-04 -4.286974588322115670e-03 -1.737436905705069118e-02 4.770530770044007114e-03 1.794290447505011597e-03 -3.793962057906646716e-04 -4.150822309734092733e-03 1.075138309273390019e-02 3.376643917085744070e-03 7.403393480895104420e-03 1.500980463812785423e-02 4.010114255277143561e-03 6.140487879986304340e-03 8.745380028974758871e-04 1.073603315434749905e-02 -3.250209535646040974e-04 4.214995693680114244e-03 -1.028075339658532242e-03 3.528093452771102236e-05 3.678522357622921596e-02 1.866622960472266723e-02
1.428750436525136509e-02 -2.356095803800753799e-02 -3.699385047094447265e-02 7.913096729161316067e-02 -4.555615965701519110e-02 1.388709439104929624e-02 5.095625687529936609e-02 -2.497787856299692882e-02 1.444864704147253397e-02 -3.748278991694047914e-03 2.580860442714869724e-02 2.102364830548673208e-02 -4.248250934363106968e-02 3.390842175811540488e-02 1.069231657933259193e-04 -6.831119821921390403e-03 1.527422595157950508e-02 1.097763658537202931e-02 6.295705685944393048e-04 -1.940152069979670822e-03 -1.496415109404993990e-02 6.445637710154874730e-03 1.477108372184240655e-03 -3.508855198718380686e-04 8.711051800639954545e-03 4.971157419321376586e-03 -5.589489436131852423e-03 -5.175921437291982133e-03 -1.405131883257425621e-02 -1.429119694105020818e-04 3.272537924482980896e-03 5.474849536979628679e-03 8.958858404143697773e-03 -2.204066468566109709e-03 -6.029675416989252988e-03 -2.035938385854261894e-03 1.350732438263570071e-03 -1.441208395950691057e-02 -6.629565143028260700e-03
1.275109028022781629e-02 -2.877421503356259944e-02 -5.274414149799064311e-02 4.163649854114338106e-02 -4.461654313664395466e-02 9.086184033364352874e-02 2.744525473113550856e-02 -3.532704827083812948e-02 6.268339640804410084e-02 -2.244589771477447423e-03 1.494786974215150770e-02 1.277870634335267000e-02 -2.555070787642410926e-02 1.922096023538760051e-02 8.476808986225602225e-04 -5.277241419269895067e-03 1.097763658537202931e-02 1.813488377316408579e-02 2.359104178256994232e-04 6.123159551119918779e-04 -5.719810615829207592e-03 1.893695207740575537e-03 2.225834651034450627e-04 -1.931795621177620232e-03 8.293139126699704267e-03 -4.156439850857805707e-04 -1.253522864739810630e-02 -9.827745007862070947e-03 -2.436591431061425200e-02 5.390147796342410064e-03 1.517757540017074420e-02 2.667466487483178671e-03 3.818575566778420471e-04 -6.785063110965466882e-04 -9.833361171073721693e-03 -9.323291263115309748e-04 5.979744884098858737e-03 2.390645309175018496e-02 1.428273720249673140e-02
-8.223178560932722621e-04 4.835510466169657458e-04 1.102443162992421794e-04 7.548350825292234403e-03 3.730021522130432237e-03 -5.680897053944424305e-04 5.556344931219116962e-03 2.781750993401867211e-03 -6.913191724644261217e-04 -1.725170225364299858e-04 1.120379859911674759e-03 5.145115747884642689e-04 -1.772558996833440694e-03 1.681373968545965764e-03 -3.940230593090342649e-05 6.384330602325434447e-04 6.295705685944393048e-04 2.359104178256994232e-04 9.653690474198065995e-05 -4.787868704969153611e-04 -2.323177937319061397e-03 8.907937550405232345e-04 2.203482752760168098e-04 -2.184676491114371616e-05 3.458049412785169476e-04 1.109736213256471782e-03 -1.252316640832642439e-05 1.756825194771790221e-04 2.104371942054370555e-04 9.338996148000433377e-05 3.465832130937326807e-04 5.232263227843071034e-04 1.492834496399355389e-03 -2.172897893542805471e-04 -5.272383260189900936e-05 -2.493950593151993654e-04 -2.583487392279000712e-06 1.134091272004245782e-03 3.230727863837206055e-04
1.516597900384490227e-03 -3.192535901103924802e-03 -3.139580382077847114e-03 -3.468200258914894141e-02 -2.674851583122750398e-02 1.125438758964023879e-02 -2.615373769225804584e-02 -1.972450317579048373e-02 9.591757283704101245e-03 5.464494766650523309e-04 -3.463332952190963619e-03 -1.175069104739343223e-03 5.135724061471079460e-03 -5.676704029610463685e-03 2.958866278893793576e-04 -4.286974588322115670e-03 -1.940152069979670822e-03 6.123159551119918779e-04 -4.787868704969153611e-04 2.586976802487270157e-03 1.176069009575708528e-02 -4.385806255186375409e-03 -1.177244431223609155e-03 -5.149929768757854280e-05 -7.932881303212224126e-04 -6.037436644846517521e-03 -1.168026773787888108e-03 -2.102841465235855307e-03 -3.830507753731748812e-03 -2.189883234159101667e-04 -6.913105337451185169e-04 -2.348012483101445148e-03 -7.802777498240305240e-03 1.011420372204006619e-03 -7.689694481472721024e-04 1.169498700500878376e-03 5.315273700770972850e-04 -4.463729588723880891e-03 -1.165773120218956908e-03
-8.929323509133006015e-03 2.023842120191509525e-02 3.401130990325554326e-02 -1.836584474066181305e-01 -1.054420939608839564e-01 1.564500289660100685e-02 -1.365371433674870683e-01 -7.765264500750411469e-02 1.842050372523228868e-02 3.364314024262147172e-03 -2.173777278134533114e-02 -1.444451574845397220e-02 3.290569313172239663e-02 -3.318482838651526379e-02 1.046357075240020740e-03 -1.737436905705069118e-02 -1.496415109404993990e-02 -5.719810615829207592e-03 -2.323177937319061397e-03 1.176069009575708528e-02 5.852926817100669032e-02 -2.099972845188038950e-02 -5.978609144310986084e-03 5.648501010394868776e-04 -7.387313605861475091e-03 -2.891111213100039032e-02 3.032785309848348015e-04 -6.098942739644399973e-03 -7.224856056964813061e-03 -4.092576463051168269e-03 -1.065027213737455847e-02 -1.187161248805718855e-02 -3.701626765136350333e-02 4.906619037591340715e-03 9.517818792230871988e-04 5.685162696019116155e-03 -2.523770715840475271e-04 -2.517189670692782447e-02 -1.216078021007711146e-02
-6.362233451031207299e-03 9.231004470762114306e-03 6.906822474200786238e-03 7.116152758952534740e-02 2.770417727432416405e-02 -1.024011366373571430e-02 5.150611569743945850e-02 2.209028236966480846e-02 -9.008631938095305880e-03 -1.896243132200001961e-03 1.249525431241174656e-02 5.656889269316039102e-03 -2.006074871127007386e-02 1.832452147221104097e-02 -3.819474287393565112e-04 4.770530770044007114e-03 6.445637710154874730e-03 1.893695207740575537e-03 8.907937550405232345e-04 -4.385806255186375409e-03 -2.099972845188038950e-02 8.402361446296647760e-03 1.954820581808225637e-03 -6.824688853116639160e-05 3.530280170754192259e-03 9.864858265926363182e-03 2.302098389803004796e-04 1.371391963771330987e-03 1.722820315098360505e-03 4.466916969469430653e-05 1.773550335354086337e-03 5.090330325527279293e-03 1.378050066838799360e-02 -2.144860034616919743e-03 -4.440801930742956094e-04 -2.379552862794321287e-03 -3.977994170108716931e-04 6.501382338536720353e-03 1.055081801174487677e-04
4.514397621021998437e-03 -7.323688529980842271e-03 -8.888452249870370733e-03 1.807164391951260329e-02 1.184144112965292671e-02 -4.955328354252950922e-03 1.347983898136250608e-02 9.053688919971002863e-03 -3.936868069812591089e-03 -2.234497189366245560e-04 1.466648377021145724e-03 2.000515507106908134e-03 -1.920239731064419305e-03 2.275241388086982584e-03 -1.391042796284813689e-04 1.794290447505011597e-03 1.477108372184240655e-03 2.225834651034450627e-04 2.203482752760168098e-04 -1.177244431223609155e-03 -5.978609144310986084e-03 1.954820581808225637e-03 6.958270708400039924e-04 1.022327926282148598e-05 5.107585113483312364e-04 3.144644331682527189e-03 2.571863552315482382e-04 1.051822140633477736e-03 1.425441191944974186e-03 4.493102983645466848e-04 8.398763241592775795e-04 1.034795942074364945e-03 3.795143622127741204e-03 -4.384399096129499521e-04 1.237493945220932007e-04 -4.893216722692002958e-04 -1.151950515214984500e-04 1.542934669675378339e-04 9.368136725514030145e-04
-5.934226360369365769e-04 1.694987138697308642e-03 4.466929668870492538e-03 -1.906809819378125440e-03 -5.225451070491331403e-04 -1.395645086509384597e-02 -1.792840817484954268e-03 1.161307355045991183e-03 -8.788081067236341165e-03 1.688846149543784059e-05 1.568354617897567890e-05 1.547560889091632690e-04 9.371120000355112622e-05 -4.047968824622493432e-05 -1.105108826754422292e-04 -3.793962057906646716e-04 -3.508855198718380686e-04 -1.931795621177620232e-03 -2.184676491114371616e-05 -5.149929768757854280e-05 5.648501010394868776e-04 -6.824688853116639160e-05 1.022327926282148598e-05 3.115578922062587014e-04 -5.512137050819734341e-04 1.636286624551630715e-06 1.500409699460784289e-03 9.489853741505108750e-04 2.341618512816166439e-03 -1.040370654856624969e-03 -2.495922012493645686e-03 -9.331609106458607378e-05 1.368063637925583109e-04 -2.834251803457721070e-05 9.879872497713651155e-04 5.978877314209906583e-05 -8.836393640190684431e-04 -6.892918938573053093e-03 -3.630597082845359209e-03
7.316919234157720411e-04 -4.234813191228697406e-03 -1.332172228697932857e-02 4.305882631652482861e-02 -3.071909399346077138e-02 2.537644483575833554e-02 2.769668348622530279e-02 -1.951207335234389495e-02 1.938054376283588481e-02 -2.299721162150875423e-03 1.563100903428849692e-02 1.053531336773686107e-02 -2.628305622346220269e-02 2.069244910198980020e-02 2.359465278741365536e-04 -4.150822309734092733e-03 8.711051800639954545e-03 8.293139126699704267e-03 3.458049412785169476e-04 -7.932881303212224126e-04 -7.387313605861475091e-03 3.530280170754192259e-03 5.107585113483312364e-04 -5.512137050819734341e-04 5.676256238336290123e-03 1.681587937055882553e-03 -4.884936658184318124e-03 -4.676494730395751483e-03 -1.134816402547538135e-02 5.318043214168451582e-04 3.945087145359123075e-03 3.222342815696296967e-03 3.981571851619750135e-03 -1.226840618112624327e-03 -4.603164931984622156e-03 -1.230311351761627196e-03 1.706440006764515637e-03 8.610089962220656909e-04 -8.122857249749065433e-04
8.714291920337915998e-03 -1.540609968187294648e-02 -1.956268106292937889e-02 8.309146022465754844e-02 6.847102966222472220e-02 -2.271979878855420049e-02 6.325719428171093506e-02 4.993644255459858683e-02 -2.001475320330543817e-02 -8.808426242962533181e-04 5.468948741112219722e-03 4.803671539981394477e-03 -7.015442948204911496e-03 9.468777741798320088e-03 -6.950908453264334052e-04 1.075138309273390019e-02 4.971157419321376586e-03 -4.156439850857805707e-04 1.109736213256471782e-03 -6.037436644846517521e-03 -2.891111213100039032e-02 9.864858265926363182e-03 3.144644331682527189e-03 1.636286624551630715e-06 1.681587937055882553e-03 1.521261650521320979e-02 2.026837369576643243e-03 5.500791296145255554e-03 8.861052309589053516e-03 1.932993699541416368e-03 3.792632559915895540e-03 5.067911032650164287e-03 1.859661054228448768e-02 -2.151171285137466489e-03 1.441026259260661749e-03 -2.524930169977874974e-03 -7.195857589191397875e-04 9.594887051161574837e-03 6.031024324037680649e-03
-8.070186373041703456e-03 1.818595654108079440e-02 3.483691294996710264e-02 -1.395587396147392883e-02 3.000240417993234668e-02 -7.210992933089015178e-02 -9.066102310009132442e-03 2.583488617700655660e-02 -4.894792140052114937e-02 1.013970774385370604e-03 -6.600546479926356139e-03 -5.918466507543122812e-03 1.171317764416843210e-02 -8.222005883979961391e-03 -6.984152915689165533e-04 3.376643917085744070e-03 -5.589489436131852423e-03 -1.253522864739810630e-02 -1.252316640832642439e-05 -1.168026773787888108e-03 3.032785309848348015e-04 2.302098389803004796e-04 2.571863552315482382e-04 1.500409699460784289e-03 -4.884936658184318124e-03 2.026837369576643243e-03 9.151366765165473705e-03 7.174330981824801612e-03 1.734435330073698031e-02 -4.343632315163479564e-03 -1.152829502124771976e-02 -8.143219218019310222e-04 2.357398721503471684e-03 8.825438154356178566e-07 6.833870442296652130e-03 2.243561919034105798e-04 -4.625041853725255295e-03 -2.192428677705672915e-02 -1.273722675468173457e-02
2.268373550237700199e-03 -4.142703705188379229e-03 5.366678638957247949e-03 -3.394075453009154364e-04 5.393099982719502111e-02 -5.321174166078257439e-02 3.227935914218969110e-03 3.964484200454897883e-02 -3.862832901781898531e-02 1.503211089427394483e-03 -1.021368408785856656e-02 -5.565036367347580074e-03 1.841987265683121128e-02 -1.270108393806131282e-02 -6.777843832506988235e-04 7.403393480895104420e-03 -5.175921437291982133e-03 -9.827745007862070947e-03 1.756825194771790221e-04 -2.102841465235855307e-03 -6.098942739644399973e-03 1.371391963771330987e-03 1.051822140633477736e-03 9.489853741505108750e-04 -4.676494730395751483e-03 5.500791296145255554e-03 7.174330981824801612e-03 7.780939603099145015e-03 1.675323492000876588e-02 -1.140867361632442144e-03 -5.381670132248703164e-03 -5.304660586789790473e-04 5.299087997383309691e-03 3.720153239056235225e-06 5.871046123194457664e-03 -6.162429769390959447e-06 -3.085943891023944577e-03 -8.481912211248518116e-03 -2.467591997868965291e-03
-9.681838470739095176e-03 1.964977066808260703e-02 4.744162452024174720e-02 -2.021138118708695752e-02 1.099265144349152179e-01 -1.240878244892539284e-01 -7.471614417921997042e-03 8.099021155782304415e-02 -8.957101618702248413e-02 3.373501120967061992e-03 -2.293438977594801712e-02 -1.704897260601170167e-02 4.041593340263177625e-02 -2.843581915588489634e-02 -1.460249488445667645e-03 1.500980463812785423e-02 -1.405131883257425621e-02 -2.436591431061425200e-02 2.104371942054370555e-04 -3.830507753731748812e-03 -7.224856056964813061e-03 1.722820315098360505e-03 1.425441191944974186e-03 2.341618512816166439e-03 -1.134816402547538135e-02 8.861052309589053516e-03 1.734435330073698031e-02 1.675323492000876588e-02 3.819973155565192791e-02 -4.503007284385462938e-03 -1.560822498451156122e-02 -1.840165836115272013e-03 8.479589580702905083e-03 2.247861043663450329e-04 1.406482344040973879e-02 2.545051124402900738e-04 -7.669880824110973487e-03 -1.928294335770998347e-02 -9.922249028733107212e-03
1.223072233696963391e-02 -2.374661697740295535e-02 -3.463026205127664459e-02 5.676056088642257233e-03 2.098123521367487032e-02 4.284215345826040966e-02 7.240582801779550486e-03 8.792519042673977575e-03 2.565470613895461799e-02 7.341949850114941074e-04 -5.446418586411975148e-03 -1.158584249716680540e-03 9.391768342581364309e-03 -7.017317293442885788e-03 2.543686779185499514e-04 4.010114255277143561e-03 -1.429119694105020818e-04 5.390147796342410064e-03 9.338996148000433377e-05 -2.189883234159101667e-04 -4.092576463051168269e-03 4.466916969469430653e-05 4.493102983645466848e-04 -1.040370654856624969e-03 5.318043214168451582e-04 1.932993699541416368e-03 -4.343632315163479564e-03 -1.140867361632442144e-03 -4.503007284385462938e-03 4.776831833636772939e-03 9.765457231780474978e-03 -2.974912723109057462e-04 6.559105850489652199e-04 3.544946893942681914e-04 -2.418229315649005669e-03 6.358782015250033628e-06 2.983784332665224970e-03 2.422039373349376551e-02 1.601820537074818973e-02
1.622612784400069910e-02 -3.660235981207167477e-02 -6.185887258765574576e-02 2.885791647732593654e-02 2.582953222050799608e-02 1.057416074368902337e-01 2.566835291181044851e-02 6.008567074864258270e-03 6.527454658416238786e-02 2.758317365067172494e-04 -2.940480088832153963e-03 5.566014707721901036e-04 4.945768252895261716e-03 -3.267455618948169899e-03 7.048757079128683970e-04 6.140487879986304340e-03 3.272537924482980896e-03 1.517757540017074420e-02 3.465832130937326807e-04 -6.913105337451185169e-04 -1.065027213737455847e-02 1.773550335354086337e-03 8.398763241592775795e-04 -2.495922012493645686e-03 3.945087145359123075e-03 3.792632559915895540e-03 -1.152829502124771976e-02 -5.381670132248703164e-03 -1.560822498451156122e-02 9.765457231780474978e-03 2.189229246144881388e-02 1.031606383746902760e-03 2.502330358623893261e-03 1.124722053513839718e-04 -7.339657283635565854e-03 -6.551875999045447688e-04 7.093766363990945505e-03 5.506144821756072533e-02 3.270189347059856283e-02
-5.191834845856592440e-03 6.730756074277153937e-03 4.285736872464141790e-03 4.586858945889814992e-02 3.364579273256878417e-03 -1.758793755970836092e-03 3.198911154183523009e-02 4.684972723446954174e-03 -1.360486606629246129e-03 -1.628872624964389660e-03 1.090720554073936616e-02 5.541512537426225224e-03 -1.793112141462660514e-02 1.532161420730548951e-02 -1.433089606705803076e-04 8.745380028974758871e-04 5.474849536979628679e-03 2.667466487483178671e-03 5.232263227843071034e-04 -2.348012483101445148e-03 -1.187161248805718855e-02 5.090330325527279293e-03 1.034795942074364945e-03 -9.331609106458607378e-05 3.222342815696296967e-03 5.067911032650164287e-03 -8.143219218019310222e-04 -5.304660586789790473e-04 -1.840165836115272013e-03 -2.974912723109057462e-04 1.031606383746902760e-03 3.411396098122610430e-03 7.752836827841523559e-03 -1.422287108538257318e-03 -1.240549280758162674e-03 -1.511507318070052543e-03 -2.084894136367555599e-06 1.618427693800787411e-03 -1.616457687540577602e-03
3.378889568165447787e-04 -2.408744633819791779e-03 -5.746106195869147247e-03 1.163264956481837031e-01 6.732091834044977297e-02 -3.248212841784281490e-02 8.582526574171175926e-02 5.193471781694150580e-02 -2.623962689513497509e-02 -2.275882007516842089e-03 1.488862562793801664e-02 8.706412822773117177e-03 -2.266958085258535122e-02 2.264281043482358965e-02 -8.539334720184916464e-04 1.073603315434749905e-02 8.958858404143697773e-03 3.818575566778420471e-04 1.492834496399355389e-03 -7.802777498240305240e-03 -3.701626765136350333e-02 1.378050066838799360e-02 3.795143622127741204e-03 1.368063637925583109e-04 3.981571851619750135e-03 1.859661054228448768e-02 2.357398721503471684e-03 5.299087997383309691e-03 8.479589580702905083e-03 6.559105850489652199e-04 2.502330358623893261e-03 7.752836827841523559e-03 2.434153065487934184e-02 -3.318211692755769146e-03 1.054402283025418496e-03 -3.701803776056177258e-03 -1.348651846644403646e-03 6.885839950056111408e-03 1.566529735687703347e-03
2.215437812521915423e-03 -3.480113806645018966e-03 -3.089102469297975734e-03 -1.892749263826725217e-02 -1.532387235856797272e-03 3.806214151373330142e-03 -1.311795617023147655e-02 -2.367441222665496794e-03 2.534805888652998627e-03 6.803482081838455953e-04 -4.580296446913226238e-03 -2.307054258258270461e-03 7.506831694686714671e-03 -6.432290277422939885e-03 8.575002344404119344e-05 -3.250209535646040974e-04 -2.204066468566109709e-03 -6.785063110965466882e-04 -2.172897893542805471e-04 1.011420372204006619e-03 4.906619037591340715e-03 -2.144860034616919743e-03 -4.384399096129499521e-04 -2.834251803457721070e-05 -1.226840618112624327e-03 -2.151171285137466489e-03 8.825438154356178566e-07 3.720153239056235225e-06 2.247861043663450329e-04 3.544946893942681914e-04 1.124722053513839718e-04 -1.422287108538257318e-03 -3.318211692755769146e-03 6.078607127909519108e-04 2.925392282384984936e-04 6.282416852301387755e-04 1.977257026731102309e-04 6.944667602234819593e-04 1.448494442512883798e-03
-5.986890220671589428e-03 1.298113224859211330e-02 2.527641745218979843e-02 -1.797071846388083316e-02 3.260583991239625334e-02 -4.864864182436545031e-02 -1.087955292454067038e-02 2.459812796425316084e-02 -3.431481875394921249e-02 1.320758377557835475e-03 -8.890897531838347703e-03 -7.228157648099574686e-03 1.535042253982261962e-02 -1.127063188847722032e-02 -5.020084308236425711e-04 4.214995693680114244e-03 -6.029675416989252988e-03 -9.833361171073721693e-03 -5.272383260189900936e-05 -7.689694481472721024e-04 9.517818792230871988e-04 -4.440801930742956094e-04 1.237493945220932007e-04 9.879872497713651155e-04 -4.603164931984622156e-03 1.441026259260661749e-03 6.833870442296652130e-03 5.871046123194457664e-03 1.406482344040973879e-02 -2.418229315649005669e-03 -7.339657283635565854e-03 -1.240549280758162674e-03 1.054402283025418496e-03 2.925392282384984936e-04 5.469381679050683460e-03 3.721728286316015270e-04 -3.135176769795021932e-03 -1.019283846193004897e-02 -5.933458888451525852e-03
3.125972141417249304e-03 -4.328243656937553682e-03 -3.484923074527466677e-03 -2.031051742899307039e-02 -5.349845082650048905e-03 5.768492571984308939e-04 -1.452911695333933967e-02 -4.414029607756695534e-03 8.977460457947165906e-04 6.320545747206859216e-04 -4.173212153529393988e-03 -1.694488117003737282e-03 6.839754970265969972e-03 -6.026801949188394583e-03 7.793640442177327205e-05 -1.028075339658532242e-03 -2.035938385854261894e-03 -9.323291263115309748e-04 -2.493950593151993654e-04 1.169498700500878376e-03 5.685162696019116155e-03 -2.379552862794321287e-03 -4.893216722692002958e-04 5.978877314209906583e-05 -1.230311351761627196e-03 -2.524930169977874974e-03 2.243561919034105798e-04 -6.162429769390959447e-06 2.545051124402900738e-04 6.358782015250033628e-06 -6.551875999045447688e-04 -1.511507318070052543e-03 -3.701803776056177258e-03 6.282416852301387755e-04 3.721728286316015270e-04 6.976523127362830451e-04 -3.433765794863020970e-06 -2.483304858490464027e-03 -1.638580681071887413e-05
3.762952461730386961e-03 -9.962930630563126069e-03 -1.864833337136204139e-02 2.637821169164512522e-03 -4.666003368959123834e-03 4.087472927751130414e-02 2.648011293414883130e-03 -7.303014823982520269e-03 2.648858769404091942e-02 -5.096935634820695714e-05 6.562940265432942570e-05 6.503870933890325019e-04 -4.276160072136324895e-04 -1.374713070133716606e-05 3.570300951079426145e-04 3.528093452771102236e-05 1.350732438263570071e-03 5.979744884098858737e-03 -2.583487392279000712e-06 5.315273700770972850e-04 -2.523770715840475271e-04 -3.977994170108716931e-04 -1.151950515214984500e-04 -8.836393640190684431e-04 1.706440006764515637e-03 -7.195857589191397875e-04 -4.625041853725255295e-03 -3.085943891023944577e-03 -7.669880824110973487e-03 2.983784332665224970e-03 7.093766363990945505e-03 -2.084894136367555599e-06 -1.348651846644403646e-03 1.977257026731102309e-04 -3.135176769795021932e-03 -3.433765794863020970e-06 2.624188236311299043e-03 1.693529097998298580e-02 9.790292929776133607e-03
-3.511336274808649766e-02 7.600897854066709924e-02 4.008240026115415799e-02 1.878718929045839967e-02 1.837808016533484801e-01 2.841679007352836406e-01 3.850255978002159463e-02 8.028758527864617023e-02 1.582546483328320652e-01 3.715720842602635715e-03 -3.034263192908647280e-02 -4.573488563626130349e-02 4.713299199652584009e-02 -3.320863941904891870e-02 1.574695043869322759e-03 3.678522357622921596e-02 -1.441208395950691057e-02 2.390645309175018496e-02 1.134091272004245782e-03 -4.463729588723880891e-03 -2.517189670692782447e-02 6.501382338536720353e-03 1.542934669675378339e-04 -6.892918938573053093e-03 8.610089962220656909e-04 9.594887051161574837e-03 -2.192428677705672915e-02 -8.481912211248518116e-03 -1.928294335770998347e-02 2.422039373349376551e-02 5.506144821756072533e-02 1.618427693800787411e-03 6.885839950056111408e-03 6.944667602234819593e-04 -1.019283846193004897e-02 -2.483304858490464027e-03 1.693529097998298580e-02 2.254170997578815172e-01 1.023407856430484930e-01
2.278466244589789566e-02 -4.000335479972803171e-02 -6.955112935728573198e-02 1.053640021978386777e-03 9.969986859196303119e-02 1.482248271065749745e-01 1.460571685791032387e-02 4.534929114198696376e-02 8.463737184829356330e-02 3.399583147212983849e-03 -2.520968261913526451e-02 -1.600298910874047020e-02 4.220211759123389250e-02 -3.150410579573399011e-02 8.163752213328091117e-04 1.866622960472266723e-02 -6.629565143028260700e-03 1.428273720249673140e-02 3.230727863837206055e-04 -1.165773120218956908e-03 -1.216078021007711146e-02 1.055081801174487677e-04 9.368136725514030145e-04 -3.630597082845359209e-03 -8.122857249749065433e-04 6.031024324037680649e-03 -1.273722675468173457e-02 -2.467591997868965291e-03 -9.922249028733107212e-03 1.601820537074818973e-02 3.270189347059856283e-02 -1.616457687540577602e-03 1.566529735687703347e-03 1.448494442512883798e-03 -5.933458888451525852e-03 -1.638580681071887413e-05 9.790292929776133607e-03 1.023407856430484930e-01 5.894524133760727785e-02
