-3.712424577114392577e+01 -8.320504205445262258e+00 -6.054161222984822288e+00 -8.251506518961691794e-02 3.150178727689588454e-02 -1.786672384774709577e-02 -1.137042706570046656e-02 4.340889443178152715e-03 -2.462002289075068597e-03 -3.416502997701399178e-06 -2.869576120862555313e-01 -1.321948300887211714e+00 5.470900233794756540e-01 -4.214675013298311290e-01 -9.519117150608037822e-05 2.258159483378833876e+00 -1.739619675552634082e+00 -4.193250384214535875e-04 -1.634080842908075580e-17 -3.683022402065900635e-04 -1.500459154374604587e-01 1.474972964870597441e-03 -1.994821985876653401e-05 -1.376356053866241643e-07 5.443381040866219767e-01 -7.401333568465136466e-03 -4.965916179342157622e-05 -1.238376730971273761e-03 -3.885638299760920122e-01 -1.318858158910378789e-03 -3.952205974823426171e-01 -7.174959453149352494e-10 -7.651942328153155809e-03 -4.003134335114814875e-06 -8.175720865625901723e-02 -3.312780470727353922e-06 -7.763427202349236500e-02 -1.195644767912563466e+00 -2.460174534160080917e+00
-8.320504205445262258e+00 -1.400300548217431107e+01 -1.050659559290670053e+01 -5.629709627622357937e-01 2.151555487811394052e-01 -1.215648493198766278e-01 -3.732548534792116679e-01 1.443941374030763558e-01 -7.804524120273965970e-02 -4.374908823356396526e-02 -1.295806598634670070e+00 -3.058600739329116358e+00 1.786294204504284222e+00 -1.390580810178883686e+00 -3.599729443666387779e-03 4.464775607461525020e+00 -3.473995632642172371e+00 -1.500493926319720547e-02 -1.905601108315040789e-06 -1.432077384137937261e-02 -4.665765296824083141e-01 3.897652226402782694e-02 -1.235548233423709827e-05 -3.031234741547144247e-05 1.462228410411555490e+00 -9.867278042806492885e-03 -2.443840852420647164e-03 -3.734829004519366058e-02 -1.047198724503593414e+00 -3.867283800982644626e-02 -1.057141430064049592e+00 -3.313835704092725822e-06 -3.504831848613845086e-02 -8.514121551438953023e-04 -2.661355083177931458e-01 -7.588956262092028636e-04 -2.564387311844634754e-01 -3.186516291300798720e+00 -5.085281945999022390e+00
-6.054161222984822288e+00 -1.050659559290670053e+01 -1.136929717202687939e+01 -5.473973226965463956e-01 2.113432999689335845e-01 -1.150689364944944698e-01 -1.055862611805099549e+00 4.393965684229315105e-01 -1.647734254365049444e-01 -9.885960395879076490e-01 -3.330236017467795406e+00 -5.228251512022149328e+00 2.655606489594084074e+00 -2.165782123367665069e+00 -1.051505502696158285e-02 5.361007436363006029e+00 -4.338413779890724520e+00 -3.982769726469574667e-02 -3.356140549035424581e-02 -3.121686539618090395e-01 -1.314452194844105248e+00 4.817212688231857776e-01 1.511850659027526647e-02 -5.462566080767711826e-04 2.986715382400433327e+00 8.097981420765197613e-02 -9.074708810887914881e-03 -4.757994320309476000e-01 -2.291083753760632113e+00 -4.828385401347808359e-01 -2.298329302605028435e+00 -5.131743962546039643e-03 -2.016008665092585972e-01 -6.813595251706752731e-02 -8.038130874990574437e-01 -6.462936374597734457e-02 -7.871333175467681853e-01 -4.377850423669440438e+00 -6.979344848911310351e+00
-8.251506518961691794e-02 -5.629709627622357937e-01 -5.473973226965463956e-01 -1.261423511382112039e+01 8.198429196588277734e-02 -2.892474924435490743e-03 -5.877422076541160223e+00 8.438001742592626808e-02 -2.653372951496171545e-03 -9.360556469883207775e-02 -1.318030389261114266e+00 -1.436049371347312587e+00 1.390923256832895749e+00 -1.511930154552188377e+00 -3.186120461210229481e-03 6.798658936927450824e-01 -1.615588860811504324e+00 -4.918512427037270880e-03 -8.189014481873951000e-06 -2.846966117843897220e-02 -4.233774763097214455e-01 7.247791995542292309e-02 1.221948105603217188e-04 -5.271682695957179881e-05 1.122309073337933061e+00 -3.625218611337797155e-03 -1.563799289715400590e-03 -3.876959062607123613e-02 -4.570633564549504979e-01 -4.018276558954947397e-02 -4.622820484860939438e-01 -9.916842942332896433e-06 -4.093133411800606997e-02 -1.861323956283087019e-03 -2.331248825367163990e-01 -1.670661840177508880e-03 -2.257123694365807953e-01 -2.431001271178062917e-01 -3.426984069216446604e-01
3.150178727689588454e-02 2.151555487811394052e-01 2.113432999689335845e-01 8.198429196588277734e-02 -1.256047796989148324e+01 -3.798186240378324113e-02 8.438001742592626808e-02 -5.819503172404467684e+00 -3.496568955931480399e-02 7.192683601788529835e-02 9.941761521859877604e-01 1.041462187714219390e+00 -1.466763771812362505e+00 5.918270809990294756e-01 1.467020521880538437e-03 -1.503248863731704077e+00 -2.256999190955120693e-01 -2.934470010940162625e-03 1.216211816659675274e-07 1.104764860263428902e-03 2.308320856474017219e-02 -2.970093092478879628e-03 -5.615120717612052600e-03 -6.370248717360556536e-06 -6.759941321158438599e-02 -2.140547261484195274e-01 -1.046768772206448745e-03 5.177258763730632762e-02 5.701807302670472977e-01 5.306150796500251621e-02 5.723276021908629829e-01 2.197486158023742868e-06 9.537862269293997941e-03 -4.546737541956318929e-04 -4.726739809620168070e-02 -3.891890750095442202e-04 -4.415015501878211124e-02 -1.764757187724396825e+00 -8.496860267835024683e-01
-1.786672384774709577e-02 -1.215648493198766278e-01 -1.150689364944944698e-01 -2.892474924435490743e-03 -3.798186240378324113e-02 -1.252667261818464262e+01 -2.653372951496171545e-03 -3.496568955931480399e-02 -5.781383472046808691e+00 -1.025975529315052531e-05 -5.495975096418125386e-03 -2.757803104859913104e-02 8.312893273690913701e-03 -7.387496054856388869e-03 -5.494496046282434376e-01 4.324100334351810293e-02 -4.001845308539573459e-02 -1.397885238090101012e+00 -2.040048594137343522e-10 -4.250528505288458345e-05 -4.347281823810417167e-03 1.316161036304729179e-04 -8.909099731055239194e-06 -5.311570566702508538e-03 1.455691732138139106e-02 -1.268802337118361302e-03 -2.095844778464597546e-01 -2.893855352052210686e-02 -3.197926333266928878e-01 3.025789794125081575e-02 3.109135609092490427e-01 4.841378103595653433e-08 -4.473478459931701012e-05 6.515566925349370242e-04 7.487233367555520824e-02 -5.969414070173726349e-04 -7.912331431679107963e-02 -2.736846051127167723e+00 -1.488980690053653966e+00
-1.137042706570046656e-02 -3.732548534792116679e-01 -1.055862611805099549e+00 -5.877422076541160223e+00 8.438001742592626808e-02 -2.653372951496171545e-03 -9.105488016310470556e+00 3.740748884130843388e-01 -5.993750073809840997e-03 -2.055590485857574201e+00 -4.699344926320243587e+00 -4.559591466525035663e+00 1.604378031616235045e+00 -3.080645136541688700e+00 -1.267387445595062612e-02 1.301949205178520030e-01 -3.403463049055223344e+00 -2.025669903600785596e-02 -1.474970243817843307e-01 -9.405128841839701659e-01 -2.275228220801998269e+00 1.285448943407945688e+00 3.951174140150748304e-02 -1.463929505137543221e-03 3.907180718909196493e+00 1.788413452403903592e-01 -9.778456074973986695e-03 -7.193307609389780755e-01 -1.953255370799740431e+00 -7.305869706762189164e-01 -1.964469385584371786e+00 -2.251107726446596041e-02 -4.705729728927791067e-01 -2.229734179448820686e-01 -1.366017859534438328e+00 -2.129842253343662839e-01 -1.343057972932827138e+00 -3.930791888195801498e-01 -9.137527198353028179e-01
4.340889443178152715e-03 1.443941374030763558e-01 4.393965684229315105e-01 8.438001742592626808e-02 -5.819503172404467684e+00 -3.496568955931480399e-02 3.740748884130843388e-01 -8.775517903518256446e+00 -8.225731698983479445e-02 1.579499707499798289e+00 3.507235427797345650e+00 3.244941287219110571e+00 -2.813553304945012101e+00 1.897959079575912145e-01 7.312586342000913960e-03 -2.938853677482907045e+00 -1.532087959825268353e+00 -3.606924048811280172e-03 2.105552294616585152e-03 3.579718496819558893e-02 1.858214591788887315e-01 -6.253590513910772808e-02 -1.979431764489441026e-01 -5.366326935483154114e-05 -3.940219177738420453e-01 -1.124797223816643932e+00 -3.903728050646489145e-03 9.430727963733330776e-01 2.294894371521070564e+00 9.468540985423780088e-01 2.289369828856541389e+00 4.224211297335689341e-03 1.119429013302537523e-01 -5.268104423571220996e-02 -2.348552683256374396e-01 -4.789566907758104758e-02 -2.208771903348848431e-01 -2.789514904010377716e+00 -1.860909676494546527e+00
-2.462002289075068597e-03 -7.804524120273965970e-02 -1.647734254365049444e-01 -2.653372951496171545e-03 -3.496568955931480399e-02 -5.781383472046808691e+00 -5.993750073809840997e-03 -8.225731698983479445e-02 -8.546871892194499054e+00 -1.411096134272888845e-04 -1.042763088626720742e-02 -5.038435092219077649e-02 1.055567977600113498e-02 -1.057472797546429345e-02 -2.099925433372537675e+00 6.772949325416655064e-02 -7.135840396858109114e-02 -3.907476850414115521e+00 -2.490974437135149902e-06 -5.706551565903528710e-04 -1.148003386200707049e-02 1.098628605556249823e-03 -8.895784876699120206e-05 -1.834085246125667368e-01 3.279213862665944501e-02 -4.490060602111194815e-03 -1.022447700204073939e+00 -5.157551692117738895e-01 -1.184312758908391938e+00 5.297597192327464510e-01 1.171076459792922408e+00 1.040050752925688693e-04 1.133275061178948403e-03 7.481960654868274885e-02 4.133972204783370463e-01 -7.260701296176877428e-02 -4.297665915790196967e-01 -4.320057066070565277e+00 -3.338604860926150941e+00
-3.416502997701399178e-06 -4.374908823356396526e-02 -9.885960395879076490e-01 -9.360556469883207775e-02 7.192683601788529835e-02 -1.025975529315052531e-05 -2.055590485857574201e+00 1.579499707499798289e+00 -1.411096134272888845e-04 -2.499858862136159843e+01 -5.205549668192993806e+00 -4.462602676746000974e+00 1.882705434605647099e-02 -9.012998676616475191e-02 -2.631935017364415205e-03 3.162827870037291777e-03 -1.514128913771439593e-02 -4.421489377590019166e-04 -1.543303274015996816e-05 -2.091979201038910163e-01 -1.182188674579731869e+00 4.246016808659844322e-01 2.791671813517593304e-01 -2.242478613632445142e-05 2.234063455192806913e+00 1.468633075709313340e+00 -1.166197252680638974e-04 -7.778180772991257763e-01 -2.220219994435251198e+00 -7.786307828217382543e-01 -2.220851855938540176e+00 -8.839016925584009064e-04 -3.236242148148011366e-01 -9.035564858306605529e-04 -3.257988820277064046e-01 -8.940505646122936254e-04 -3.247985750236603297e-01 -4.813534170586349255e-03 -5.270307451666218501e-01
-2.869576120862555313e-01 -1.295806598634670070e+00 -3.330236017467795406e+00 -1.318030389261114266e+00 9.941761521859877604e-01 -5.495975096418125386e-03 -4.699344926320243587e+00 3.507235427797345650e+00 -1.042763088626720742e-02 -5.205549668192993806e+00 -1.183936673467150413e+01 -9.541875277994041227e+00 1.352609120134277421e-01 -6.548093897222294624e-01 -1.907154151971826583e-02 9.377843912483016520e-02 -4.848164934772673518e-01 -1.410905242994738365e-02 -2.021312269570136322e-01 -1.618259093598967580e+00 -3.447140943923117984e+00 2.030363121039223451e+00 1.301903252714020631e+00 -1.393921413031173938e-03 5.095853379985110010e+00 3.213585413981057126e+00 -4.503382836413331175e-03 -2.910320576796209924e+00 -5.375735915491437034e+00 -2.905874022743371921e+00 -5.371244411143127451e+00 -8.763868810878579219e-02 -1.206391103351328153e+00 -9.135115417134898053e-02 -1.251886104609068351e+00 -9.104377050701882579e-02 -1.250125177077072491e+00 -2.383432565219886223e-01 -1.875870955785816863e+00
-1.321948300887211714e+00 -3.058600739329116358e+00 -5.228251512022149328e+00 -1.436049371347312587e+00 1.041462187714219390e+00 -2.757803104859913104e-02 -4.559591466525035663e+00 3.244941287219110571e+00 -5.038435092219077649e-02 -4.462602676746000974e+00 -9.541875277994041227e+00 -1.052381658911794560e+01 1.307631344731038370e-01 -6.679601571489977019e-01 -1.944872383028970267e-02 1.381435910663277034e-01 -1.071826329252267396e+00 -3.425903275154027622e-02 -1.134784924504845360e+00 -3.286206572771193546e+00 -5.266378931703437516e+00 2.258881764721690555e+00 1.400591495858701130e+00 -3.903351601244234737e-03 5.435041661165920246e+00 3.244164532851130378e+00 -1.316591169152069030e-02 -3.494956720091018543e+00 -6.648711498401347342e+00 -3.485778341147845794e+00 -6.634606501435973414e+00 -6.553925525491202109e-01 -2.422027836550471491e+00 -6.844840209801092978e-01 -2.543860622703982610e+00 -6.848612309675224941e-01 -2.546302339792168024e+00 -1.152530174409629016e+00 -3.441351593427240729e+00
5.470900233794756540e-01 1.786294204504284222e+00 2.655606489594084074e+00 1.390923256832895749e+00 -1.466763771812362505e+00 8.312893273690913701e-03 1.604378031616235045e+00 -2.813553304945012101e+00 1.055567977600113498e-02 1.882705434605647099e-02 1.352609120134277421e-01 1.307631344731038370e-01 -1.126772436376220554e+01 7.029909276750459513e-02 4.598820386689998589e-03 -6.169522453385297034e+00 7.033368911653689604e-02 5.055626739353164326e-03 -4.091416473549924215e-01 -1.965991042770681929e+00 -2.099185657927355120e+00 1.910075277630107538e+00 1.735376821969351058e+00 -1.369236045183792926e-03 9.913216943070440879e-01 1.973163342608107440e+00 -7.771015561860018621e-04 1.771378402705969246e-01 1.820688267034864527e-01 1.735429194795932162e-01 1.778764927222661607e-01 -1.797495789974648539e-01 -1.175942256824583865e+00 -1.164689739888581238e-01 -7.385661346636104296e-01 -1.175787217214565722e-01 -7.472430041513563603e-01 2.664066806410613775e-01 1.000004045019807553e+00
-4.214675013298311290e-01 -1.390580810178883686e+00 -2.165782123367665069e+00 -1.511930154552188377e+00 5.918270809990294756e-01 -7.387496054856388869e-03 -3.080645136541688700e+00 1.897959079575912145e-01 -1.057472797546429345e-02 -9.012998676616475191e-02 -6.548093897222294624e-01 -6.679601571489977019e-01 7.029909276750459513e-02 -1.112585915363436051e+01 -5.317327652767482593e-03 7.033368911653689604e-02 -6.006777747167117987e+00 -5.987848963128710074e-03 -2.700515414030098538e-01 -1.335985513522154111e+00 -1.585229318743046845e+00 1.831650816344588817e+00 4.005603420455073338e-01 -1.404234766372701709e-03 2.367724691771764700e+00 -5.390200401999349911e-01 -3.443105923225678756e-03 2.064452584890293263e+00 1.240241629027038606e+00 2.002435805837843308e+00 1.197223931590048807e+00 -2.383067796109720332e-02 -1.996943023359257774e-01 -1.310033467552449982e-01 -9.044019601312279777e-01 -1.285221426965934277e-01 -8.901441035646805444e-01 -3.299907036750008849e-01 -1.311003474569033767e+00
-9.519117150608037822e-05 -3.599729443666387779e-03 -1.051505502696158285e-02 -3.186120461210229481e-03 1.467020521880538437e-03 -5.494496046282434376e-01 -1.267387445595062612e-02 7.312586342000913960e-03 -2.099925433372537675e+00 -2.631935017364415205e-03 -1.907154151971826583e-02 -1.944872383028970267e-02 4.598820386689998589e-03 -5.317327652767482593e-03 -1.094700811407840035e+01 5.055626739353164326e-03 -5.987848963128710074e-03 -5.806380799716501784e+00 -1.277427117535193369e-05 -1.448300308536237813e-03 -6.073472228775703141e-03 2.182497810216674824e-03 9.376388067442522093e-04 -7.723973670292022531e-01 1.113861982000572196e-02 4.413651967880953542e-03 -1.999006042573819864e+00 -2.930863542596999327e+00 -2.152622898106145044e+00 2.964014210839857721e+00 2.162446130860466997e+00 1.351377971153878412e-03 7.512739526058354912e-03 7.081243342929040285e-02 4.562755328909690600e-01 -7.218289113404495472e-02 -4.700197701751071544e-01 -1.726332195906749856e-01 -6.453841018767940696e-01
2.258159483378833876e+00 4.464775607461525020e+00 5.361007436363006029e+00 6.798658936927450824e-01 -1.503248863731704077e+00 4.324100334351810293e-02 1.301949205178520030e-01 -2.938853677482907045e+00 6.772949325416655064e-02 3.162827870037291777e-03 9.377843912483016520e-02 1.381435910663277034e-01 -6.169522453385297034e+00 7.033368911653689604e-02 5.055626739353164326e-03 -9.222016536968203226e+00 1.342077808038373010e-01 1.844357263854885104e-02 -2.139538721877312977e+00 -4.654281027462510600e+00 -4.731249695017102574e+00 1.248644823032067031e+00 1.972092988806955605e+00 -4.707634447491321379e-03 -5.328504275187791184e-02 2.628853072405375801e+00 -3.561985972436650452e-03 2.036716196335465745e-01 2.680378441895540642e-01 1.986507460627044142e-01 2.554755355681597173e-01 -1.652119945654999977e+00 -3.572960887472055980e+00 -1.069839125931698609e+00 -2.339475698888779487e+00 -1.084294694294133166e+00 -2.367092328447737870e+00 1.531393435302279116e+00 2.722008189145204149e+00
-1.739619675552634082e+00 -3.473995632642172371e+00 -4.338413779890724520e+00 -1.615588860811504324e+00 -2.256999190955120693e-01 -4.001845308539573459e-02 -3.403463049055223344e+00 -1.532087959825268353e+00 -7.135840396858109114e-02 -1.514128913771439593e-02 -4.848164934772673518e-01 -1.071826329252267396e+00 7.033368911653689604e-02 -6.006777747167117987e+00 -5.987848963128710074e-03 1.342077808038373010e-01 -8.730974141367916275e+00 -2.294121664810472652e-02 -1.411965598231492702e+00 -3.137015008922357406e+00 -3.459088028556777772e+00 2.146363828232778381e+00 -5.756646227904390622e-01 -4.470210596886192884e-03 3.294904654680717471e+00 -2.231437893723335009e+00 -1.430032781020735590e-02 2.437836126483083898e+00 2.063624958013358324e+00 2.361892136147696775e+00 1.994091291987234227e+00 -2.113526130563915806e-01 -6.540090694840996477e-01 -1.204419535838562760e+00 -2.709274376466844547e+00 -1.186175564978758423e+00 -2.676319366846214631e+00 -1.903334752610774894e+00 -3.479092162972243329e+00
-4.193250384214535875e-04 -1.500493926319720547e-02 -3.982769726469574667e-02 -4.918512427037270880e-03 -2.934470010940162625e-03 -1.397885238090101012e+00 -2.025669903600785596e-02 -3.606924048811280172e-03 -3.907476850414115521e+00 -4.421489377590019166e-04 -1.410905242994738365e-02 -3.425903275154027622e-02 5.055626739353164326e-03 -5.987848963128710074e-03 -5.806380799716501784e+00 1.844357263854885104e-02 -2.294121664810472652e-02 -8.144900916896933296e+00 -5.875733267592316586e-05 -2.973335603449344874e-03 -1.316591169152069030e-02 2.950464307512621134e-03 5.792384397847868613e-04 -1.896085913757783015e+00 2.226859815971963391e-02 2.731343148271698097e-03 -4.098657358776566895e+00 -3.447247204833082446e+00 -3.578290404596002006e+00 3.481351761379297027e+00 3.586474180902205156e+00 1.254698052392989524e-02 2.237715214072669503e-02 6.567183079027643089e-01 1.326469324718293041e+00 -6.720287090929945029e-01 -1.371398543409406701e+00 -1.006580677555598102e+00 -1.667988680859569417e+00
-1.634080842908075580e-17 -1.905601108315040789e-06 -3.356140549035424581e-02 -8.189014481873951000e-06 1.216211816659675274e-07 -2.040048594137343522e-10 -1.474970243817843307e-01 2.105552294616585152e-03 -2.490974437135149902e-06 -1.543303274015996816e-05 -2.021312269570136322e-01 -1.134784924504845360e+00 -4.091416473549924215e-01 -2.700515414030098538e-01 -1.277427117535193369e-05 -2.139538721877312977e+00 -1.411965598231492702e+00 -5.875733267592316586e-05 -2.396244739107744692e+01 -4.978573737482710371e+00 -4.271682197940249281e+00 8.652671086331659156e-02 3.120207458432783590e-02 -1.250093970159049748e-03 1.453595881485504095e-02 5.241759895797407087e-03 -2.100080595434355567e-04 -8.280674450170802999e-04 -3.075121144795475159e-01 -8.810525345356180326e-04 -3.130845935585526152e-01 -7.459561999474254579e-01 -2.126098672746587592e+00 -7.439582790737735429e-01 -2.124617249530035945e+00 -7.438925834659120273e-01 -2.124561180501791213e+00 -2.692962234876812062e-05 -1.134794632638971568e-01
-3.683022402065900635e-04 -1.432077384137937261e-02 -3.121686539618090395e-01 -2.846966117843897220e-02 1.104764860263428902e-03 -4.250528505288458345e-05 -9.405128841839701659e-01 3.579718496819558893e-02 -5.706551565903528710e-04 -2.091979201038910163e-01 -1.618259093598967580e+00 -3.286206572771193546e+00 -1.965991042770681929e+00 -1.335985513522154111e+00 -1.448300308536237813e-03 -4.654281027462510600e+00 -3.137015008922357406e+00 -2.973335603449344874e-03 -4.978573737482710371e+00 -1.080210267666705803e+01 -8.698077047262838590e+00 6.282338915982972338e-01 2.274435630726794610e-01 -9.036018019352311248e-03 4.668419810649307999e-01 1.711518799335022822e-01 -6.620899735782817021e-03 -8.852161759572729771e-02 -1.168264309742558460e+00 -9.116456930223677813e-02 -1.183271030877032004e+00 -2.667032921222125097e+00 -4.896337803064922056e+00 -2.729901486254374454e+00 -4.955439223034722396e+00 -2.734212317094899980e+00 -4.958465713005612230e+00 -1.358086539298064034e-02 -5.299425941582387445e-01
-1.500459154374604587e-01 -4.665765296824083141e-01 -1.314452194844105248e+00 -4.233774763097214455e-01 2.308320856474017219e-02 -4.347281823810417167e-03 -2.275228220801998269e+00 1.858214591788887315e-01 -1.148003386200707049e-02 -1.182188674579731869e+00 -3.447140943923117984e+00 -5.266378931703437516e+00 -2.099185657927355120e+00 -1.585229318743046845e+00 -6.073472228775703141e-03 -4.731249695017102574e+00 -3.459088028556777772e+00 -1.316591169152069030e-02 -4.271682197940249281e+00 -8.698077047262838590e+00 -9.527314911076590676e+00 6.428988343362339597e-01 2.351170293607698358e-01 -9.143387654099107559e-03 1.108041564832321857e+00 4.020701851453578612e-01 -1.602699464913441563e-02 -6.961069752339984484e-01 -2.486599776663044548e+00 -7.041697269126440117e-01 -2.502995985676513158e+00 -3.188269272245754848e+00 -5.997962041309535586e+00 -3.298909211755740145e+00 -6.156535387611517862e+00 -3.307414238128901118e+00 -6.166386094161621756e+00 -3.027353145887857755e-01 -1.458864111029565702e+00
1.474972964870597441e-03 3.897652226402782694e-02 4.817212688231857776e-01 7.247791995542292309e-02 -2.970093092478879628e-03 1.316161036304729179e-04 1.285448943407945688e+00 -6.253590513910772808e-02 1.098628605556249823e-03 4.246016808659844322e-01 2.030363121039223451e+00 2.258881764721690555e+00 1.910075277630107538e+00 1.831650816344588817e+00 2.182497810216674824e-03 1.248644823032067031e+00 2.146363828232778381e+00 2.950464307512621134e-03 8.652671086331659156e-02 6.282338915982972338e-01 6.428988343362339597e-01 -1.019631091708532544e+01 -8.047039986282975010e-02 2.369637002698217476e-03 -5.540624411540130190e+00 -9.527688614681653623e-02 2.638484575591743507e-03 1.176192303063685191e-01 7.964161455215441610e-01 1.210330725127636980e-01 8.057670341271756520e-01 -2.618576945103342712e+00 -1.658560169600049150e+00 1.147459931628939250e-02 2.793054647284357039e-01 -4.662502383942306733e-02 2.379400092076347506e-01 3.045457473255355416e-02 5.821745220682174038e-01
-1.994821985876653401e-05 -1.235548233423709827e-05 1.511850659027526647e-02 1.221948105603217188e-04 -5.615120717612052600e-03 -8.909099731055239194e-06 3.951174140150748304e-02 -1.979431764489441026e-01 -8.895784876699120206e-05 2.791671813517593304e-01 1.301903252714020631e+00 1.400591495858701130e+00 1.735376821969351058e+00 4.005603420455073338e-01 9.376388067442522093e-04 1.972092988806955605e+00 -5.756646227904390622e-01 5.792384397847868613e-04 3.120207458432783590e-02 2.274435630726794610e-01 2.351170293607698358e-01 -8.047039986282975010e-02 -1.004528931849577411e+01 -7.718093816810270985e-04 -9.527688614681653623e-02 -5.368475198714842023e+00 -8.358116730134950833e-04 1.244822039560472132e-01 7.957452092728966031e-01 1.267876806101987663e-01 7.972549908980121058e-01 1.966904147629152888e+00 1.532135154711456559e+00 -2.031274201301940252e+00 -1.371766420068210923e+00 -1.955581312923022841e+00 -1.316093701566026786e+00 -6.673034634586133204e-03 -1.018893467987021378e-01
-1.376356053866241643e-07 -3.031234741547144247e-05 -5.462566080767711826e-04 -5.271682695957179881e-05 -6.370248717360556536e-06 -5.311570566702508538e-03 -1.463929505137543221e-03 -5.366326935483154114e-05 -1.834085246125667368e-01 -2.242478613632445142e-05 -1.393921413031173938e-03 -3.903351601244234737e-03 -1.369236045183792926e-03 -1.404234766372701709e-03 -7.723973670292022531e-01 -4.707634447491321379e-03 -4.470210596886192884e-03 -1.896085913757783015e+00 -1.250093970159049748e-03 -9.036018019352311248e-03 -9.143387654099107559e-03 2.369637002698217476e-03 -7.718093816810270985e-04 -9.985065094629591798e+00 2.638484575591743507e-03 -8.358116730134950833e-04 -5.299074045330474547e+00 -6.950630646272483448e-02 -4.338069614838004906e-01 7.258859141938904525e-02 4.433559362699910911e-01 5.272803114507029765e-02 3.503495794789725226e-02 2.697769690124774744e+00 1.943225578416706956e+00 -2.761725553830629565e+00 -1.995835253744516757e+00 -9.957232899012350563e-03 -1.803252871549605174e-01
5.443381040866219767e-01 1.462228410411555490e+00 2.986715382400433327e+00 1.122309073337933061e+00 -6.759941321158438599e-02 1.455691732138139106e-02 3.907180718909196493e+00 -3.940219177738420453e-01 3.279213862665944501e-02 2.234063455192806913e+00 5.095853379985110010e+00 5.435041661165920246e+00 9.913216943070440879e-01 2.367724691771764700e+00 1.113861982000572196e-02 -5.328504275187791184e-02 3.294904654680717471e+00 2.226859815971963391e-02 1.453595881485504095e-02 4.668419810649307999e-01 1.108041564832321857e+00 -5.540624411540130190e+00 -9.527688614681653623e-02 2.638484575591743507e-03 -8.303477739127913537e+00 -3.134678589526180836e-01 1.093780953043495784e-02 1.133507038482296503e+00 2.653598757522578122e+00 1.145530040320764886e+00 2.664505018722962859e+00 -3.072323952211117426e+00 -2.727321501939954818e+00 1.231639563814909688e-02 5.368872530506677565e-01 -5.584820048911220969e-02 4.720840144470319633e-01 8.719322476216686546e-01 2.589292073838093788e+00
-7.401333568465136466e-03 -9.867278042806492885e-03 8.097981420765197613e-02 -3.625218611337797155e-03 -2.140547261484195274e-01 -1.268802337118361302e-03 1.788413452403903592e-01 -1.124797223816643932e+00 -4.490060602111194815e-03 1.468633075709313340e+00 3.213585413981057126e+00 3.244164532851130378e+00 1.973163342608107440e+00 -5.390200401999349911e-01 4.413651967880953542e-03 2.628853072405375801e+00 -2.231437893723335009e+00 2.731343148271698097e-03 5.241759895797407087e-03 1.711518799335022822e-01 4.020701851453578612e-01 -9.527688614681653623e-02 -5.368475198714842023e+00 -8.358116730134950833e-04 -3.134678589526180836e-01 -7.669543862428446879e+00 -3.205808896118119474e-03 1.202377539596354294e+00 2.524296227762096390e+00 1.202503392509157276e+00 2.514800436515281401e+00 2.300133480796112906e+00 2.545350263291886517e+00 -2.415169038202980012e+00 -2.299145872657549994e+00 -2.328485098022696764e+00 -2.210029524211343244e+00 -1.861205438067355944e-01 -4.085124368327313626e-01
-4.965916179342157622e-05 -2.443840852420647164e-03 -9.074708810887914881e-03 -1.563799289715400590e-03 -1.046768772206448745e-03 -2.095844778464597546e-01 -9.778456074973986695e-03 -3.903728050646489145e-03 -1.022447700204073939e+00 -1.166197252680638974e-04 -4.503382836413331175e-03 -1.316591169152069030e-02 -7.771015561860018621e-04 -3.443105923225678756e-03 -1.999006042573819864e+00 -3.561985972436650452e-03 -1.430032781020735590e-02 -4.098657358776566895e+00 -2.100080595434355567e-04 -6.620899735782817021e-03 -1.602699464913441563e-02 2.638484575591743507e-03 -8.358116730134950833e-04 -5.299074045330474547e+00 1.093780953043495784e-02 -3.205808896118119474e-03 -7.446853885231373482e+00 -6.780378491578686884e-01 -1.328970128191749867e+00 6.948481871371826601e-01 1.346264288079658256e+00 6.183785316970897422e-02 5.803577219883719607e-02 3.203631535059436430e+00 3.264095312074644539e+00 -3.284181143566979433e+00 -3.361764646416602886e+00 -2.718133212012296407e-01 -7.359850564082732749e-01
-1.238376730971273761e-03 -3.734829004519366058e-02 -4.757994320309476000e-01 -3.876959062607123613e-02 5.177258763730632762e-02 -2.893855352052210686e-02 -7.193307609389780755e-01 9.430727963733330776e-01 -5.157551692117738895e-01 -7.778180772991257763e-01 -2.910320576796209924e+00 -3.494956720091018543e+00 1.771378402705969246e-01 2.064452584890293263e+00 -2.930863542596999327e+00 2.036716196335465745e-01 2.437836126483083898e+00 -3.447247204833082446e+00 -8.280674450170802999e-04 -8.852161759572729771e-02 -6.961069752339984484e-01 1.176192303063685191e-01 1.244822039560472132e-01 -6.950630646272483448e-02 1.133507038482296503e+00 1.202377539596354294e+00 -6.780378491578686884e-01 -7.805876225314844596e+00 -5.437733437166344608e+00 -2.260848233411340835e-01 -1.430007734270660746e+00 -5.929026245849648366e-03 -3.233034644735884866e-01 -2.487103399190532683e-04 -9.252557350351912901e-02 -6.334792104002492930e-03 -3.345814655447070796e-01 -2.099832885359221440e-02 -5.447751309534737407e-01
-3.885638299760920122e-01 -1.047198724503593414e+00 -2.291083753760632113e+00 -4.570633564549504979e-01 5.701807302670472977e-01 -3.197926333266928878e-01 -1.953255370799740431e+00 2.294894371521070564e+00 -1.184312758908391938e+00 -2.220219994435251198e+00 -5.375735915491437034e+00 -6.648711498401347342e+00 1.820688267034864527e-01 1.240241629027038606e+00 -2.152622898106145044e+00 2.680378441895540642e-01 2.063624958013358324e+00 -3.578290404596002006e+00 -3.075121144795475159e-01 -1.168264309742558460e+00 -2.486599776663044548e+00 7.964161455215441610e-01 7.957452092728966031e-01 -4.338069614838004906e-01 2.653598757522578122e+00 2.524296227762096390e+00 -1.328970128191749867e+00 -5.437733437166344608e+00 -7.660591647810700344e+00 -1.427146112226767904e+00 -3.598626479310082615e+00 -3.057006221677452951e-01 -1.383382167479870972e+00 -8.935813678155372919e-02 -7.070565761733481613e-01 -3.239017707523931811e-01 -1.459677479067808870e+00 -5.770764916019756052e-01 -2.045047869117796679e+00
-1.318858158910378789e-03 -3.867283800982644626e-02 -4.828385401347808359e-01 -4.018276558954947397e-02 5.306150796500251621e-02 3.025789794125081575e-02 -7.305869706762189164e-01 9.468540985423780088e-01 5.297597192327464510e-01 -7.786307828217382543e-01 -2.905874022743371921e+00 -3.485778341147845794e+00 1.735429194795932162e-01 2.002435805837843308e+00 2.964014210839857721e+00 1.986507460627044142e-01 2.361892136147696775e+00 3.481351761379297027e+00 -8.810525345356180326e-04 -9.116456930223677813e-02 -7.041697269126440117e-01 1.210330725127636980e-01 1.267876806101987663e-01 7.258859141938904525e-02 1.145530040320764886e+00 1.202503392509157276e+00 6.948481871371826601e-01 -2.260848233411340835e-01 -1.427146112226767904e+00 -7.776613784264438500e+00 -5.418438207586285138e+00 -6.403662637815384778e-03 -3.327603992998767746e-01 -6.465690549782521224e-03 -3.365384501453803079e-01 -2.559376175205357634e-04 -9.331294284473265477e-02 -1.171543966720194497e-03 -1.696913969802373023e-01
-3.952205974823426171e-01 -1.057141430064049592e+00 -2.298329302605028435e+00 -4.622820484860939438e-01 5.723276021908629829e-01 3.109135609092490427e-01 -1.964469385584371786e+00 2.289369828856541389e+00 1.171076459792922408e+00 -2.220851855938540176e+00 -5.371244411143127451e+00 -6.634606501435973414e+00 1.778764927222661607e-01 1.197223931590048807e+00 2.162446130860466997e+00 2.554755355681597173e-01 1.994091291987234227e+00 3.586474180902205156e+00 -3.130845935585526152e-01 -1.183271030877032004e+00 -2.502995985676513158e+00 8.057670341271756520e-01 7.972549908980121058e-01 4.433559362699910911e-01 2.664505018722962859e+00 2.514800436515281401e+00 1.346264288079658256e+00 -1.430007734270660746e+00 -3.598626479310082615e+00 -5.418438207586285138e+00 -7.630867825237209523e+00 -3.154716368421596751e-01 -1.407520201119195846e+00 -3.259545753310613136e-01 -1.461931130025648784e+00 -9.063618353659091964e-02 -7.116134439147518975e-01 -1.859290985774168514e-01 -1.069716251192304624e+00
-7.174959453149352494e-10 -3.313835704092725822e-06 -5.131743962546039643e-03 -9.916842942332896433e-06 2.197486158023742868e-06 4.841378103595653433e-08 -2.251107726446596041e-02 4.224211297335689341e-03 1.040050752925688693e-04 -8.839016925584009064e-04 -8.763868810878579219e-02 -6.553925525491202109e-01 -1.797495789974648539e-01 -2.383067796109720332e-02 1.351377971153878412e-03 -1.652119945654999977e+00 -2.113526130563915806e-01 1.254698052392989524e-02 -7.459561999474254579e-01 -2.667032921222125097e+00 -3.188269272245754848e+00 -2.618576945103342712e+00 1.966904147629152888e+00 5.272803114507029765e-02 -3.072323952211117426e+00 2.300133480796112906e+00 6.183785316970897422e-02 -5.929026245849648366e-03 -3.057006221677452951e-01 -6.403662637815384778e-03 -3.154716368421596751e-01 -7.059427866818730912e+00 -4.946309897924715315e+00 -2.100905049781872647e-01 -1.307642201316370434e+00 -2.110836500839663454e-01 -1.310101247881117370e+00 -7.166297471172349326e-06 -2.173909066650272365e-02
-7.651942328153155809e-03 -3.504831848613845086e-02 -2.016008665092585972e-01 -4.093133411800606997e-02 9.537862269293997941e-03 -4.473478459931701012e-05 -4.705729728927791067e-01 1.119429013302537523e-01 1.133275061178948403e-03 -3.236242148148011366e-01 -1.206391103351328153e+00 -2.422027836550471491e+00 -1.175942256824583865e+00 -1.996943023359257774e-01 7.512739526058354912e-03 -3.572960887472055980e+00 -6.540090694840996477e-01 2.237715214072669503e-02 -2.126098672746587592e+00 -4.896337803064922056e+00 -5.997962041309535586e+00 -1.658560169600049150e+00 1.532135154711456559e+00 3.503495794789725226e-02 -2.727321501939954818e+00 2.545350263291886517e+00 5.803577219883719607e-02 -3.233034644735884866e-01 -1.383382167479870972e+00 -3.327603992998767746e-01 -1.407520201119195846e+00 -4.946309897924715315e+00 -6.915507107180599355e+00 -1.340225996395502550e+00 -3.300477887189766424e+00 -1.345267411904140564e+00 -3.306940102645305579e+00 -2.076715725171653093e-02 -2.772919555670889102e-01
-4.003134335114814875e-06 -8.514121551438953023e-04 -6.813595251706752731e-02 -1.861323956283087019e-03 -4.546737541956318929e-04 6.515566925349370242e-04 -2.229734179448820686e-01 -5.268104423571220996e-02 7.481960654868274885e-02 -9.035564858306605529e-04 -9.135115417134898053e-02 -6.844840209801092978e-01 -1.164689739888581238e-01 -1.310033467552449982e-01 7.081243342929040285e-02 -1.069839125931698609e+00 -1.204419535838562760e+00 6.567183079027643089e-01 -7.439582790737735429e-01 -2.729901486254374454e+00 -3.298909211755740145e+00 1.147459931628939250e-02 -2.031274201301940252e+00 2.697769690124774744e+00 1.231639563814909688e-02 -2.415169038202980012e+00 3.203631535059436430e+00 -2.487103399190532683e-04 -8.935813678155372919e-02 -6.465690549782521224e-03 -3.259545753310613136e-01 -2.100905049781872647e-01 -1.340225996395502550e+00 -7.391229634060507259e+00 -5.164873146341067311e+00 -2.309730861682709746e-01 -1.396105417098606249e+00 -6.179893667197068965e-04 -1.237582064865856424e-01
-8.175720865625901723e-02 -2.661355083177931458e-01 -8.038130874990574437e-01 -2.331248825367163990e-01 -4.726739809620168070e-02 7.487233367555520824e-02 -1.366017859534438328e+00 -2.348552683256374396e-01 4.133972204783370463e-01 -3.257988820277064046e-01 -1.251886104609068351e+00 -2.543860622703982610e+00 -7.385661346636104296e-01 -9.044019601312279777e-01 4.562755328909690600e-01 -2.339475698888779487e+00 -2.709274376466844547e+00 1.326469324718293041e+00 -2.124617249530035945e+00 -4.955439223034722396e+00 -6.156535387611517862e+00 2.793054647284357039e-01 -1.371766420068210923e+00 1.943225578416706956e+00 5.368872530506677565e-01 -2.299145872657549994e+00 3.264095312074644539e+00 -9.252557350351912901e-02 -7.070565761733481613e-01 -3.365384501453803079e-01 -1.461931130025648784e+00 -1.307642201316370434e+00 -3.300477887189766424e+00 -5.164873146341067311e+00 -7.248521990120604386e+00 -1.398987696493619426e+00 -3.456213621420739734e+00 -1.351500772904002945e-01 -8.147987552563999980e-01
-3.312780470727353922e-06 -7.588956262092028636e-04 -6.462936374597734457e-02 -1.670661840177508880e-03 -3.891890750095442202e-04 -5.969414070173726349e-04 -2.129842253343662839e-01 -4.789566907758104758e-02 -7.260701296176877428e-02 -8.940505646122936254e-04 -9.104377050701882579e-02 -6.848612309675224941e-01 -1.175787217214565722e-01 -1.285221426965934277e-01 -7.218289113404495472e-02 -1.084294694294133166e+00 -1.186175564978758423e+00 -6.720287090929945029e-01 -7.438925834659120273e-01 -2.734212317094899980e+00 -3.307414238128901118e+00 -4.662502383942306733e-02 -1.955581312923022841e+00 -2.761725553830629565e+00 -5.584820048911220969e-02 -2.328485098022696764e+00 -3.284181143566979433e+00 -6.334792104002492930e-03 -3.239017707523931811e-01 -2.559376175205357634e-04 -9.063618353659091964e-02 -2.110836500839663454e-01 -1.345267411904140564e+00 -2.309730861682709746e-01 -1.398987696493619426e+00 -7.418922772202248161e+00 -5.183108997126860018e+00 -1.115714106648473848e-02 -3.955605534107288768e-01
-7.763427202349236500e-02 -2.564387311844634754e-01 -7.871333175467681853e-01 -2.257123694365807953e-01 -4.415015501878211124e-02 -7.912331431679107963e-02 -1.343057972932827138e+00 -2.208771903348848431e-01 -4.297665915790196967e-01 -3.247985750236603297e-01 -1.250125177077072491e+00 -2.546302339792168024e+00 -7.472430041513563603e-01 -8.901441035646805444e-01 -4.700197701751071544e-01 -2.367092328447737870e+00 -2.676319366846214631e+00 -1.371398543409406701e+00 -2.124561180501791213e+00 -4.958465713005612230e+00 -6.166386094161621756e+00 2.379400092076347506e-01 -1.316093701566026786e+00 -1.995835253744516757e+00 4.720840144470319633e-01 -2.210029524211343244e+00 -3.361764646416602886e+00 -3.345814655447070796e-01 -1.459677479067808870e+00 -9.331294284473265477e-02 -7.116134439147518975e-01 -1.310101247881117370e+00 -3.306940102645305579e+00 -1.396105417098606249e+00 -3.456213621420739734e+00 -5.183108997126860018e+00 -7.276227809825250858e+00 -4.236183319005104031e-01 -1.583700380915785466e+00
-1.195644767912563466e+00 -3.186516291300798720e+00 -4.377850423669440438e+00 -2.431001271178062917e-01 -1.764757187724396825e+00 -2.736846051127167723e+00 -3.930791888195801498e-01 -2.789514904010377716e+00 -4.320057066070565277e+00 -4.813534170586349255e-03 -2.383432565219886223e-01 -1.152530174409629016e+00 2.664066806410613775e-01 -3.299907036750008849e-01 -1.726332195906749856e-01 1.531393435302279116e+00 -1.903334752610774894e+00 -1.006580677555598102e+00 -2.692962234876812062e-05 -1.358086539298064034e-02 -3.027353145887857755e-01 3.045457473255355416e-02 -6.673034634586133204e-03 -9.957232899012350563e-03 8.719322476216686546e-01 -1.861205438067355944e-01 -2.718133212012296407e-01 -2.099832885359221440e-02 -5.770764916019756052e-01 -1.171543966720194497e-03 -1.859290985774168514e-01 -7.166297471172349326e-06 -2.076715725171653093e-02 -6.179893667197068965e-04 -1.351500772904002945e-01 -1.115714106648473848e-02 -4.236183319005104031e-01 -8.446045878678923202e+00 -5.828373658915509736e+00
-2.460174534160080917e+00 -5.085281945999022390e+00 -6.979344848911310351e+00 -3.426984069216446604e-01 -8.496860267835024683e-01 -1.488980690053653966e+00 -9.137527198353028179e-01 -1.860909676494546527e+00 -3.338604860926150941e+00 -5.270307451666218501e-01 -1.875870955785816863e+00 -3.441351593427240729e+00 1.000004045019807553e+00 -1.311003474569033767e+00 -6.453841018767940696e-01 2.722008189145204149e+00 -3.479092162972243329e+00 -1.667988680859569417e+00 -1.134794632638971568e-01 -5.299425941582387445e-01 -1.458864111029565702e+00 5.821745220682174038e-01 -1.018893467987021378e-01 -1.803252871549605174e-01 2.589292073838093788e+00 -4.085124368327313626e-01 -7.359850564082732749e-01 -5.447751309534737407e-01 -2.045047869117796679e+00 -1.696913969802373023e-01 -1.069716251192304624e+00 -2.173909066650272365e-02 -2.772919555670889102e-01 -1.237582064865856424e-01 -8.147987552563999980e-01 -3.955605534107288768e-01 -1.583700380915785466e+00 -5.828373658915509736e+00 -7.982379699943209950e+00
