1.000000000000000444e+00 2.336899060591629829e-01 1.672797595958953609e-01 -4.981061892532041834e-17 0.000000000000000000e+00 0.000000000000000000e+00 0.000000000000000000e+00 0.000000000000000000e+00 0.000000000000000000e+00 4.887144322560664343e-08 7.813245468979664043e-03 3.639304757818108416e-02 -1.496575667706922380e-02 1.152399185143333955e-02 0.000000000000000000e+00 -6.228577034693578290e-02 4.796153815851701002e-02 0.000000000000000000e+00 9.228824640792383139e-20 9.610057540763950276e-06 4.116562363396506288e-03 -3.880086397083634187e-05 5.344113637713065606e-07 0.000000000000000000e+00 -1.495741951750857376e-02 2.060112622455870387e-04 0.000000000000000000e+00 3.244065549958638793e-05 1.068051625890265900e-02 3.461589658889394837e-05 1.086822411598581568e-02 1.548094758885943338e-11 2.089768022997679755e-04 9.867179623948476140e-08 2.243268061991049965e-03 8.130375539436763069e-08 2.128998119971371381e-03 3.290224054050742281e-02 6.788605136971562204e-02
2.336899060591629829e-01 9.999999999999997780e-01 7.636407733384439345e-01 -1.384636737711197440e-16 -3.873090329864179018e-18 0.000000000000000000e+00 2.484649293421703993e-17 -1.685975080891789016e-18 0.000000000000000000e+00 1.686476119490364122e-03 8.875132096060238396e-02 2.180857990859068063e-01 -1.242058140069374622e-01 9.564145798987397362e-02 0.000000000000000000e+00 -3.236761384961535648e-01 2.492383955599327128e-01 0.000000000000000000e+00 5.420932396433180980e-08 8.764952071616609027e-04 3.287953332038241749e-02 -2.468708030092819743e-03 3.400196516517521431e-05 0.000000000000000000e+00 -1.038241694390893699e-01 1.429989188489991627e-03 0.000000000000000000e+00 2.374787584763761450e-03 7.469458532073267043e-02 2.479375460232175095e-03 7.583966962391576472e-02 1.381724042381378449e-07 2.393404901663408885e-03 4.978996534204249567e-05 1.910198688779653903e-02 4.373746448607293400e-05 1.824838080329404047e-02 2.386727820748309470e-01 3.750193777682818697e-01
1.672797595958953609e-01 7.636407733384439345e-01 1.000000000000000222e+00 -2.082331833705331068e-16 8.183177112826487547e-18 0.000000000000000000e+00 0.000000000000000000e+00 0.000000000000000000e+00 0.000000000000000000e+00 4.053671959201779473e-02 2.652219102573499798e-01 4.545265942141930027e-01 -2.166542083748740910e-01 1.668289406118907414e-01 0.000000000000000000e+00 -4.884989295195701353e-01 3.761559007466011573e-01 0.000000000000000000e+00 1.416643498016559397e-03 2.557280437974641246e-02 1.156476624367528960e-01 -4.017464179533475344e-02 5.533326558657517035e-04 0.000000000000000000e+00 -2.639300677732877576e-01 3.635156876016741416e-03 0.000000000000000000e+00 4.313136327572459489e-02 2.079123971016773043e-01 4.405908336895248550e-02 2.102374131764883358e-01 3.662914256681732155e-04 1.687112680452285476e-02 6.458875286521113465e-03 7.678274476484431288e-02 6.062047671906759493e-03 7.426227458046991137e-02 4.190288740805776513e-01 6.768840206438011542e-01
-4.981061892532041834e-17 -1.384636737711197440e-16 -2.082331833705331068e-16 9.999999999999995559e-01 -2.679314342426565387e-32 0.000000000000000000e+00 5.015206410748107579e-01 0.000000000000000000e+00 0.000000000000000000e+00 3.684859154697639645e-03 9.537758193337565749e-02 1.023162663213746104e-01 -1.024638793952179494e-01 1.117212549106341296e-01 0.000000000000000000e+00 -3.783296138438234368e-02 1.193641850681332051e-01 0.000000000000000000e+00 2.418114093531952113e-07 1.835299001263052685e-03 3.162078183884944882e-02 -4.859408305902641716e-03 7.187724886908583783e-05 0.000000000000000000e+00 -8.445647171701561873e-02 1.398127504977732900e-03 0.000000000000000000e+00 2.499233322188734036e-03 3.157950824400437145e-02 2.612265959040765105e-03 3.209012811866176346e-02 4.290567615231661495e-07 2.931591557695915375e-03 1.146359891806982787e-04 1.772772128550838960e-02 1.014580392533963402e-04 1.705707601515167246e-02 1.207018128176928426e-02 6.403686140130582932e-03
0.000000000000000000e+00 -3.873090329864179018e-18 8.183177112826487547e-18 -2.679314342426565387e-32 9.999999999999995559e-01 0.000000000000000000e+00 0.000000000000000000e+00 5.015206410748107579e-01 0.000000000000000000e+00 -2.837429993598627239e-03 -7.344302735415593475e-02 -7.878598087614420431e-02 1.117212549106341157e-01 -4.340391100579791411e-02 0.000000000000000000e+00 1.193641850681330802e-01 2.526734126252087181e-02 0.000000000000000000e+00 -3.330512566550901673e-09 -2.527790728913403229e-05 -4.355187853217876073e-04 7.187724886908563454e-05 3.582395385676242507e-04 0.000000000000000000e+00 1.398127504977740273e-03 1.703512788397027258e-02 0.000000000000000000e+00 -3.513196032316077012e-03 -4.439161485257709511e-02 -3.625854284226189862e-03 -4.454145571117224672e-02 -8.796698208751317801e-08 -6.010469596802227050e-04 2.996739960768107840e-05 4.634266356432097111e-03 2.525190840510172305e-05 4.245338510019051707e-03 1.538733086443128395e-01 8.163559029473003992e-02
0.000000000000000000e+00 0.000000000000000000e+00 0.000000000000000000e+00 0.000000000000000000e+00 0.000000000000000000e+00 9.999999999999995559e-01 0.000000000000000000e+00 0.000000000000000000e+00 5.015206410748107579e-01 0.000000000000000000e+00 0.000000000000000000e+00 0.000000000000000000e+00 0.000000000000000000e+00 0.000000000000000000e+00 4.262413682386809177e-02 0.000000000000000000e+00 0.000000000000000000e+00 1.171806287600912211e-01 0.000000000000000000e+00 0.000000000000000000e+00 0.000000000000000000e+00 0.000000000000000000e+00 0.000000000000000000e+00 3.592295170026696513e-04 0.000000000000000000e+00 0.000000000000000000e+00 1.705438454864719941e-02 2.049538652443969131e-03 2.589731106601028676e-02 -2.171870935834448353e-03 -2.668013811798774365e-02 -2.318022306013076277e-09 -1.583821823185937845e-05 -4.133696453015152047e-05 -6.392496730013465592e-03 3.705837458096348608e-05 6.230235838155122330e-03 2.322004707863405404e-01 1.231911022539627781e-01
0.000000000000000000e+00 2.484649293421703993e-17 0.000000000000000000e+00 5.015206410748107579e-01 0.000000000000000000e+00 0.000000000000000000e+00 1.000000000000000222e+00 0.000000000000000000e+00 0.000000000000000000e+00 8.450375653645408880e-02 3.818357171146692375e-01 3.861474271858579277e-01 -1.347557195726755697e-01 2.547982124073163712e-01 0.000000000000000000e+00 2.723742872760352360e-02 3.195668529477286857e-01 0.000000000000000000e+00 6.254052344533011024e-03 7.932774028991586290e-02 2.086307880508083412e-01 -1.110119723882894427e-01 1.764894265518599870e-03 0.000000000000000000e+00 -3.636121901335566120e-01 6.557898601248906070e-03 0.000000000000000000e+00 6.518295755586896167e-02 1.642016336783058139e-01 6.662893553431821492e-02 1.661304844535185232e-01 1.664859408338005206e-03 4.059210297152351932e-02 2.175306187835572558e-02 1.361106073128417748e-01 2.057353761366525688e-02 1.326788535472538111e-01 2.515326320366481280e-02 2.092779215848746682e-02
0.000000000000000000e+00 -1.685975080891789016e-18 0.000000000000000000e+00 0.000000000000000000e+00 5.015206410748107579e-01 0.000000000000000000e+00 0.000000000000000000e+00 1.000000000000000222e+00 0.000000000000000000e+00 -6.506992080351724217e-02 -2.940226670501614459e-01 -2.973427872952175144e-01 2.547982124073163712e-01 -6.000403945819517831e-05 0.000000000000000000e+00 3.195668529477287412e-01 1.961722321228598354e-01 0.000000000000000000e+00 -8.613820158878744584e-05 -1.092595409862366076e-03 -2.873509828304772647e-03 1.764894265518591847e-03 1.710362615073065390e-02 0.000000000000000000e+00 6.557898601248901733e-03 1.124328177017040603e-01 0.000000000000000000e+00 -9.162830289864899724e-02 -2.308197969420634488e-01 -9.248170559526419643e-02 -2.305909651778159930e-01 -3.413363239669856973e-04 -8.322359918799936834e-03 5.686544885757919242e-03 3.558115552837980144e-02 5.120551227011803548e-03 3.302246211067993986e-02 3.206592959954139843e-01 2.667920677306455657e-01
0.000000000000000000e+00 0.000000000000000000e+00 0.000000000000000000e+00 0.000000000000000000e+00 0.000000000000000000e+00 5.015206410748107579e-01 0.000000000000000000e+00 0.000000000000000000e+00 1.000000000000000222e+00 0.000000000000000000e+00 0.000000000000000000e+00 0.000000000000000000e+00 0.000000000000000000e+00 0.000000000000000000e+00 1.961407352148910321e-01 0.000000000000000000e+00 0.000000000000000000e+00 4.422463791788849297e-01 0.000000000000000000e+00 0.000000000000000000e+00 0.000000000000000000e+00 0.000000000000000000e+00 0.000000000000000000e+00 1.712793436077610434e-02 0.000000000000000000e+00 0.000000000000000000e+00 1.125231408331065636e-01 5.345438931422805129e-02 1.346563332163827065e-01 -5.539613915334673511e-02 -1.381229845651651689e-01 -8.994570394842410900e-06 -2.193029188071443495e-04 -7.844007398674631565e-03 -4.908056699192040601e-02 7.514652056684867874e-03 4.846203110082609317e-02 4.838866477113578091e-01 4.025990230204020137e-01
4.887144322560664343e-08 1.686476119490364122e-03 4.053671959201779473e-02 3.684859154697639645e-03 -2.837429993598627239e-03 0.000000000000000000e+00 8.450375653645408880e-02 -6.506992080351724217e-02 0.000000000000000000e+00 9.999999999999998890e-01 2.190588715645055140e-01 1.842610531091023740e-01 1.470414242977152181e-18 7.938319774915243427e-17 0.000000000000000000e+00 7.280226671685435370e-19 -1.918779742177600659e-17 0.000000000000000000e+00 3.143727363851253412e-07 8.497567159918416324e-03 4.866839860543786117e-02 -1.733919848209913156e-02 -1.143278532610634939e-02 0.000000000000000000e+00 -9.205175249313284069e-02 -6.069530412448771728e-02 0.000000000000000000e+00 3.216586675364057485e-02 9.175369986793301125e-02 3.220887307031034680e-02 9.178751424749792553e-02 3.380683641996468298e-05 1.332918444242485977e-02 3.418992625995612644e-05 1.337199148615716461e-02 3.381489248279713684e-05 1.333008821586779621e-02 1.856495028750586220e-04 2.161647094438011105e-02
7.813245468979664043e-03 8.875132096060238396e-02 2.652219102573499798e-01 9.537758193337565749e-02 -7.344302735415593475e-02 0.000000000000000000e+00 3.818357171146692375e-01 -2.940226670501614459e-01 0.000000000000000000e+00 2.190588715645055140e-01 9.999999999999997780e-01 8.122730676219885870e-01 1.492074834873592113e-18 2.387319735797747380e-17 0.000000000000000000e+00 -1.042536876525154039e-17 0.000000000000000000e+00 0.000000000000000000e+00 8.497567159918416324e-03 1.307191148524484703e-01 2.891567904579508963e-01 -1.653923143270132068e-01 -1.090531852577149158e-01 0.000000000000000000e+00 -4.254625960067581203e-01 -2.805332973986640055e-01 0.000000000000000000e+00 2.711650778329862121e-01 4.743239344818416803e-01 2.713548302682140534e-01 4.744609080807167811e-01 6.930416872215568874e-03 1.040736289482988852e-01 6.972671449810526230e-03 1.043371141641987188e-01 6.931307724145362864e-03 1.040791937105419729e-01 1.734142833634853137e-02 1.523412707897182916e-01
3.639304757818108416e-02 2.180857990859068063e-01 4.545265942141930027e-01 1.023162663213746104e-01 -7.878598087614420431e-02 0.000000000000000000e+00 3.861474271858579277e-01 -2.973427872952175144e-01 0.000000000000000000e+00 1.842610531091023740e-01 8.122730676219885870e-01 1.000000000000000222e+00 -1.111950611716509005e-17 0.000000000000000000e+00 0.000000000000000000e+00 0.000000000000000000e+00 0.000000000000000000e+00 0.000000000000000000e+00 4.866839860543785423e-02 2.891567904579508963e-01 5.014121389743678714e-01 -1.898963797781196838e-01 -1.252102019853673365e-01 0.000000000000000000e+00 -4.918675114995359476e-01 -3.243180861944638949e-01 0.000000000000000000e+00 3.754353555942813725e-01 7.027132921312462255e-01 3.755563315476831421e-01 7.028503785505134660e-01 6.976863509212576087e-02 2.529955964476518493e-01 6.996364865596448046e-02 2.534256567767803059e-01 6.977275318470807508e-02 2.530046829048777091e-01 1.063024454518657624e-01 3.268379615433077423e-01
-1.496575667706922380e-02 -1.242058140069374622e-01 -2.166542083748740910e-01 -1.024638793952179494e-01 1.117212549106341157e-01 0.000000000000000000e+00 -1.347557195726755697e-01 2.547982124073163712e-01 0.000000000000000000e+00 1.470414242977152181e-18 1.492074834873592113e-18 -1.111950611716509005e-17 1.000000000000000000e+00 9.040635658500960870e-34 0.000000000000000000e+00 5.697540584656803908e-01 0.000000000000000000e+00 0.000000000000000000e+00 1.733919848209913156e-02 1.653923143270132345e-01 1.898963797781197393e-01 -1.635999236587723227e-01 -1.537217332623813104e-01 0.000000000000000000e+00 -9.707496255047602662e-02 -1.916473014923943119e-01 0.000000000000000000e+00 -1.659649419707943246e-02 -1.202069773692682197e-02 -1.640844619652625028e-02 -1.187856804266062064e-02 1.501654230378597459e-02 1.084345591646467960e-01 9.052528489840814402e-03 6.513558567026067614e-02 9.130618806638178195e-03 6.592729020452205158e-02 -1.928024997859009021e-02 -8.088304860950736030e-02
1.152399185143333955e-02 9.564145798987397362e-02 1.668289406118907414e-01 1.117212549106341296e-01 -4.340391100579791411e-02 0.000000000000000000e+00 2.547982124073163712e-01 -6.000403945819517831e-05 0.000000000000000000e+00 7.938319774915243427e-17 2.387319735797747380e-17 0.000000000000000000e+00 9.040635658500960870e-34 1.000000000000000000e+00 0.000000000000000000e+00 0.000000000000000000e+00 5.697540584656803908e-01 0.000000000000000000e+00 1.143278532610634765e-02 1.090531852577149019e-01 1.252102019853672810e-01 -1.537217332623813104e-01 -3.182042960390547848e-02 0.000000000000000000e+00 -1.916473014923942286e-01 6.721660437156233570e-02 0.000000000000000000e+00 -2.164249899841369507e-01 -1.567547553370962354e-01 -2.104911717603459298e-01 -1.523808943386708858e-01 1.357652339555791027e-03 9.803617234938775613e-03 1.051551373651149826e-02 7.566219168710859588e-02 1.027412776032526030e-02 7.418395366159119542e-02 2.497992491223128067e-02 1.047938944350553514e-01
0.000000000000000000e+00 0.000000000000000000e+00 0.000000000000000000e+00 0.000000000000000000e+00 0.000000000000000000e+00 4.262413682386809177e-02 0.000000000000000000e+00 0.000000000000000000e+00 1.961407352148910321e-01 0.000000000000000000e+00 0.000000000000000000e+00 0.000000000000000000e+00 0.000000000000000000e+00 0.000000000000000000e+00 1.000000000000000000e+00 0.000000000000000000e+00 0.000000000000000000e+00 5.697540584656803908e-01 0.000000000000000000e+00 0.000000000000000000e+00 0.000000000000000000e+00 0.000000000000000000e+00 0.000000000000000000e+00 6.953763363991657953e-02 0.000000000000000000e+00 0.000000000000000000e+00 1.935812952511414553e-01 2.956858228768556862e-01 2.141626936201165288e-01 -3.001839666137501306e-01 -2.173122079951776697e-01 -1.235498530084190051e-04 -8.921543704802902550e-04 -6.113213435920121334e-03 -4.398635562680958816e-02 6.203431356815264537e-03 4.479164314988782342e-02 1.442101446034365665e-02 6.049795074698930547e-02
-6.228577034693578290e-02 -3.236761384961535648e-01 -4.884989295195701353e-01 -3.783296138438234368e-02 1.193641850681330802e-01 0.000000000000000000e+00 2.723742872760352360e-02 3.195668529477287412e-01 0.000000000000000000e+00 7.280226671685435370e-19 -1.042536876525154039e-17 0.000000000000000000e+00 5.697540584656803908e-01 0.000000000000000000e+00 0.000000000000000000e+00 1.000000000000000000e+00 0.000000000000000000e+00 0.000000000000000000e+00 9.205175249313282682e-02 4.254625960067581758e-01 4.918675114995360032e-01 -9.707496255047606826e-02 -1.916473014923943397e-01 0.000000000000000000e+00 1.890756825611945510e-02 -3.181445313969903932e-01 0.000000000000000000e+00 -2.328820438111945529e-02 -2.639120510743179007e-02 -2.301336120233848231e-02 -2.607639774486987527e-02 1.871484618956885670e-01 4.129427007263150040e-01 1.124397536458579955e-01 2.478253104619756453e-01 1.137851338827513409e-01 2.510608263788262073e-01 -1.436839647578946888e-01 -2.685076074675392110e-01
4.796153815851701002e-02 2.492383955599327128e-01 3.761559007466011573e-01 1.193641850681332051e-01 2.526734126252087181e-02 0.000000000000000000e+00 3.195668529477286857e-01 1.961722321228598354e-01 0.000000000000000000e+00 -1.918779742177600659e-17 0.000000000000000000e+00 0.000000000000000000e+00 0.000000000000000000e+00 5.697540584656803908e-01 0.000000000000000000e+00 0.000000000000000000e+00 1.000000000000000000e+00 0.000000000000000000e+00 6.069530412448771728e-02 2.805332973986639500e-01 3.243180861944637283e-01 -1.916473014923942564e-01 6.721660437156236345e-02 0.000000000000000000e+00 -3.181445313969903932e-01 2.916401513077181429e-01 0.000000000000000000e+00 -3.036875945053053028e-01 -3.441519777140851777e-01 -2.952204802091396019e-01 -3.345137894756005648e-01 1.692017656240942663e-02 3.733433518861534184e-02 1.306112182159815116e-01 2.878765263586545164e-01 1.280354626005391072e-01 2.825034163022543399e-01 1.861601719235781716e-01 3.478844869931757011e-01
0.000000000000000000e+00 0.000000000000000000e+00 0.000000000000000000e+00 0.000000000000000000e+00 0.000000000000000000e+00 1.171806287600912211e-01 0.000000000000000000e+00 0.000000000000000000e+00 4.422463791788849297e-01 0.000000000000000000e+00 0.000000000000000000e+00 0.000000000000000000e+00 0.000000000000000000e+00 0.000000000000000000e+00 5.697540584656803908e-01 0.000000000000000000e+00 0.000000000000000000e+00 1.000000000000000000e+00 0.000000000000000000e+00 0.000000000000000000e+00 0.000000000000000000e+00 0.000000000000000000e+00 0.000000000000000000e+00 1.935812952511414831e-01 0.000000000000000000e+00 0.000000000000000000e+00 5.014121389743679824e-01 4.149064130042273146e-01 4.701899754392747099e-01 -4.210174423642535912e-01 -4.770540986208708367e-01 -1.539779563777105746e-03 -3.397520477318726438e-03 -7.593107422868711209e-02 -1.673575531275533768e-01 7.730672831884151386e-02 1.705731709765463122e-01 1.074710408731241879e-01 2.008351600369042700e-01
9.228824640792383139e-20 5.420932396433180980e-08 1.416643498016559397e-03 2.418114093531952113e-07 -3.330512566550901673e-09 0.000000000000000000e+00 6.254052344533011024e-03 -8.613820158878744584e-05 0.000000000000000000e+00 3.143727363851253412e-07 8.497567159918416324e-03 4.866839860543785423e-02 1.733919848209913156e-02 1.143278532610634765e-02 0.000000000000000000e+00 9.205175249313282682e-02 6.069530412448771728e-02 0.000000000000000000e+00 9.999999999999998890e-01 2.190588715645055140e-01 1.842610531091023740e-01 -1.079429758148273506e-16 1.926780266811421336e-19 0.000000000000000000e+00 -2.325697780824561124e-17 -3.037344112654699068e-22 0.000000000000000000e+00 3.231409411086730874e-05 1.315898155924564300e-02 3.443286908041989872e-05 1.339896009787489711e-02 3.221996311593366275e-02 9.179622852946280054e-02 3.202854670800077408e-02 9.164550467461538008e-02 3.202079962053180906e-02 9.163939044894650610e-02 9.801482709428399139e-07 4.845331076468162995e-03
9.610057540763950276e-06 8.764952071616609027e-04 2.557280437974641246e-02 1.835299001263052685e-03 -2.527790728913403229e-05 0.000000000000000000e+00 7.932774028991586290e-02 -1.092595409862366076e-03 0.000000000000000000e+00 8.497567159918416324e-03 1.307191148524484703e-01 2.891567904579508963e-01 1.653923143270132345e-01 1.090531852577149019e-01 0.000000000000000000e+00 4.254625960067581758e-01 2.805332973986639500e-01 0.000000000000000000e+00 2.190588715645055140e-01 9.999999999999997780e-01 8.122730676219885870e-01 2.761359935357907553e-16 0.000000000000000000e+00 0.000000000000000000e+00 3.269281541072572131e-16 8.771020056673726058e-17 0.000000000000000000e+00 6.763614895515552596e-03 1.030241987876445581e-01 6.999354475924141408e-03 1.045030181609458847e-01 2.714037411774167241e-01 4.744962056569009268e-01 2.705583425759134353e-01 4.738855880548057953e-01 2.705240740556560386e-01 4.738608132288946173e-01 1.019500781025528980e-03 4.680751647941206600e-02
4.116562363396506288e-03 3.287953332038241749e-02 1.156476624367528960e-01 3.162078183884944882e-02 -4.355187853217876073e-04 0.000000000000000000e+00 2.086307880508083412e-01 -2.873509828304772647e-03 0.000000000000000000e+00 4.866839860543786117e-02 2.891567904579508963e-01 5.014121389743678714e-01 1.898963797781197393e-01 1.252102019853672810e-01 0.000000000000000000e+00 4.918675114995360032e-01 3.243180861944637283e-01 0.000000000000000000e+00 1.842610531091023740e-01 8.122730676219885870e-01 1.000000000000000222e+00 3.822155741266403422e-16 5.628431328880111157e-17 0.000000000000000000e+00 0.000000000000000000e+00 0.000000000000000000e+00 0.000000000000000000e+00 6.899245861410228942e-02 2.512791906180598667e-01 7.008646711291260933e-02 2.536962639285945675e-01 3.755875072942302939e-01 7.028857031488584539e-01 3.750482344019046566e-01 7.022744995335231666e-01 3.750263560932457496e-01 7.022496956157248116e-01 2.893614335488787354e-02 1.480073432274170153e-01
-3.880086397083634187e-05 -2.468708030092819743e-03 -4.017464179533475344e-02 -4.859408305902641716e-03 7.187724886908563454e-05 0.000000000000000000e+00 -1.110119723882894427e-01 1.764894265518591847e-03 0.000000000000000000e+00 -1.733919848209913156e-02 -1.653923143270132068e-01 -1.898963797781196838e-01 -1.635999236587723227e-01 -1.537217332623813104e-01 0.000000000000000000e+00 -9.707496255047606826e-02 -1.916473014923942564e-01 0.000000000000000000e+00 -1.079429758148273506e-16 2.761359935357907553e-16 3.822155741266403422e-16 1.000000000000000000e+00 0.000000000000000000e+00 0.000000000000000000e+00 5.697540584656803908e-01 3.485978310468825020e-32 0.000000000000000000e+00 -8.943059709831394782e-03 -6.550767560843986925e-02 -9.255530866941773238e-03 -6.644711329387280319e-02 2.978629462578312737e-01 2.156042317958857812e-01 8.394067821292778425e-03 6.089470200439894322e-03 1.474600734819163893e-02 1.069844608056733613e-02 -2.366396510048881380e-03 -5.198828194479078457e-02
5.344113637713065606e-07 3.400196516517521431e-05 5.533326558657517035e-04 7.187724886908583783e-05 3.582395385676242507e-04 0.000000000000000000e+00 1.764894265518599870e-03 1.710362615073065390e-02 0.000000000000000000e+00 -1.143278532610634939e-02 -1.090531852577149158e-01 -1.252102019853673365e-01 -1.537217332623813104e-01 -3.182042960390547848e-02 0.000000000000000000e+00 -1.916473014923943397e-01 6.721660437156236345e-02 0.000000000000000000e+00 1.926780266811421336e-19 0.000000000000000000e+00 5.628431328880111157e-17 0.000000000000000000e+00 1.000000000000000000e+00 0.000000000000000000e+00 3.485978310468825020e-32 5.697540584656803908e-01 0.000000000000000000e+00 -1.007005002581182196e-02 -7.376284983610822965e-02 -1.029833806982185726e-02 -7.393361291767400201e-02 -2.143941972614113178e-01 -1.551864600239006020e-01 2.220247659982565736e-01 1.610676998435072449e-01 2.134660111357253864e-01 1.548727432615430721e-01 5.744052894075867086e-04 1.261933239399677664e-02
0.000000000000000000e+00 0.000000000000000000e+00 0.000000000000000000e+00 0.000000000000000000e+00 0.000000000000000000e+00 3.592295170026696513e-04 0.000000000000000000e+00 0.000000000000000000e+00 1.712793436077610434e-02 0.000000000000000000e+00 0.000000000000000000e+00 0.000000000000000000e+00 0.000000000000000000e+00 0.000000000000000000e+00 6.953763363991657953e-02 0.000000000000000000e+00 0.000000000000000000e+00 1.935812952511414831e-01 0.000000000000000000e+00 0.000000000000000000e+00 0.000000000000000000e+00 0.000000000000000000e+00 0.000000000000000000e+00 1.000000000000000000e+00 0.000000000000000000e+00 0.000000000000000000e+00 5.697540584656803908e-01 6.005394318206278004e-03 4.398935438900720279e-02 -6.307608679489686010e-03 -4.528345208554782758e-02 -5.940477914099845727e-03 -4.299937918633439486e-03 -2.910835311415612137e-01 -2.111663291817875154e-01 2.971270324173019839e-01 2.155700495961891117e-01 8.167325208764122327e-04 1.794311324771416180e-02
-1.495741951750857376e-02 -1.038241694390893699e-01 -2.639300677732877576e-01 -8.445647171701561873e-02 1.398127504977740273e-03 0.000000000000000000e+00 -3.636121901335566120e-01 6.557898601248901733e-03 0.000000000000000000e+00 -9.205175249313284069e-02 -4.254625960067581203e-01 -4.918675114995359476e-01 -9.707496255047602662e-02 -1.916473014923942286e-01 0.000000000000000000e+00 1.890756825611945510e-02 -3.181445313969903932e-01 0.000000000000000000e+00 -2.325697780824561124e-17 3.269281541072572131e-16 0.000000000000000000e+00 5.697540584656803908e-01 3.485978310468825020e-32 0.000000000000000000e+00 1.000000000000000000e+00 0.000000000000000000e+00 0.000000000000000000e+00 -1.129738682082022105e-01 -2.503780906934551242e-01 -1.147175459106158368e-01 -2.526710071087229781e-01 4.177108228452980354e-01 4.732917409828941713e-01 1.179654902926569049e-02 1.337385083345369458e-02 2.072499453745203085e-02 2.349665302133122080e-02 -8.448459021776183464e-02 -2.635106570329038833e-01
2.060112622455870387e-04 1.429989188489991627e-03 3.635156876016741416e-03 1.398127504977732900e-03 1.703512788397027258e-02 0.000000000000000000e+00 6.557898601248906070e-03 1.124328177017040603e-01 0.000000000000000000e+00 -6.069530412448771728e-02 -2.805332973986640055e-01 -3.243180861944638949e-01 -1.916473014923943119e-01 6.721660437156233570e-02 0.000000000000000000e+00 -3.181445313969903932e-01 2.916401513077181429e-01 0.000000000000000000e+00 -3.037344112654699068e-22 8.771020056673726058e-17 0.000000000000000000e+00 3.485978310468825020e-32 5.697540584656803908e-01 0.000000000000000000e+00 0.000000000000000000e+00 1.000000000000000000e+00 0.000000000000000000e+00 -1.272106573564984466e-01 -2.819303438037626952e-01 -1.276426049798472795e-01 -2.811390820316910233e-01 -3.006576604321986590e-01 -3.406633962139408722e-01 3.120210717342399853e-01 3.537410186585603911e-01 3.000189685421617014e-01 3.401420246897440824e-01 2.050729676469664406e-02 6.396304024799372157e-02
0.000000000000000000e+00 0.000000000000000000e+00 0.000000000000000000e+00 0.000000000000000000e+00 0.000000000000000000e+00 1.705438454864719941e-02 0.000000000000000000e+00 0.000000000000000000e+00 1.125231408331065636e-01 0.000000000000000000e+00 0.000000000000000000e+00 0.000000000000000000e+00 0.000000000000000000e+00 0.000000000000000000e+00 1.935812952511414553e-01 0.000000000000000000e+00 0.000000000000000000e+00 5.014121389743679824e-01 0.000000000000000000e+00 0.000000000000000000e+00 0.000000000000000000e+00 0.000000000000000000e+00 0.000000000000000000e+00 5.697540584656803908e-01 0.000000000000000000e+00 0.000000000000000000e+00 1.000000000000000000e+00 7.586359123796050652e-02 1.681325197461037979e-01 -7.817956621591903854e-02 -1.721943193109344017e-01 -8.330683452801997471e-03 -9.439170496222219764e-03 -4.090723615566839166e-01 -4.637689149576908476e-01 4.176015906117870324e-01 4.734495663209688510e-01 2.915881258730303877e-02 9.094744785261606179e-02
3.244065549958638793e-05 2.374787584763761450e-03 4.313136327572459489e-02 2.499233322188734036e-03 -3.513196032316077012e-03 2.049538652443969131e-03 6.518295755586896167e-02 -9.162830289864899724e-02 5.345438931422805129e-02 3.216586675364057485e-02 2.711650778329862121e-01 3.754353555942813725e-01 -1.659649419707943246e-02 -2.164249899841369507e-01 2.956858228768556862e-01 -2.328820438111945529e-02 -3.036875945053053028e-01 4.149064130042273146e-01 3.231409411086730874e-05 6.763614895515552596e-03 6.899245861410228942e-02 -8.943059709831394782e-03 -1.007005002581182196e-02 6.005394318206278004e-03 -1.129738682082022105e-01 -1.272106573564984466e-01 7.586359123796050652e-02 9.999999999999997780e-01 6.582920493393298322e-01 1.869782531150503829e-02 1.500049182800610725e-01 4.640466646391989513e-04 3.365782842177484496e-02 1.345483337956949961e-05 7.977134230208038704e-03 4.820882068430256545e-04 3.418384222156349572e-02 1.619929804243081407e-03 5.593242695459366143e-02
1.068051625890265900e-02 7.469458532073267043e-02 2.079123971016773043e-01 3.157950824400437145e-02 -4.439161485257709511e-02 2.589731106601028676e-02 1.642016336783058139e-01 -2.308197969420634488e-01 1.346563332163827065e-01 9.175369986793301125e-02 4.743239344818416803e-01 7.027132921312462255e-01 -1.202069773692682197e-02 -1.567547553370962354e-01 2.141626936201165288e-01 -2.639120510743179007e-02 -3.441519777140851777e-01 4.701899754392747099e-01 1.315898155924564300e-02 1.030241987876445581e-01 2.512791906180598667e-01 -6.550767560843986925e-02 -7.376284983610822965e-02 4.398935438900720279e-02 -2.503780906934551242e-01 -2.819303438037626952e-01 1.681325197461037979e-01 6.582920493393298322e-01 1.000000000000000222e+00 1.500049182800611003e-01 4.029653226058446114e-01 3.365782842177483802e-02 1.602519610062906330e-01 7.977134230208038704e-03 6.573267566442834997e-02 3.418384222156349572e-02 1.617953710427121605e-01 5.593242695459366143e-02 2.193143116908153056e-01
3.461589658889394837e-05 2.479375460232175095e-03 4.405908336895248550e-02 2.612265959040765105e-03 -3.625854284226189862e-03 -2.171870935834448353e-03 6.662893553431821492e-02 -9.248170559526419643e-02 -5.539613915334673511e-02 3.220887307031034680e-02 2.713548302682140534e-01 3.755563315476831421e-01 -1.640844619652625028e-02 -2.104911717603459298e-01 -3.001839666137501306e-01 -2.301336120233848231e-02 -2.952204802091396019e-01 -4.210174423642535912e-01 3.443286908041989872e-05 6.999354475924141408e-03 7.008646711291260933e-02 -9.255530866941773238e-03 -1.029833806982185726e-02 -6.307608679489686010e-03 -1.147175459106158368e-01 -1.276426049798472795e-01 -7.817956621591903854e-02 1.869782531150503829e-02 1.500049182800611003e-01 9.999999999999997780e-01 6.582920493393298322e-01 5.046587983797737017e-04 3.482568936126625297e-02 4.940121085037197345e-04 3.452509878474974148e-02 1.386908438323654381e-05 8.076043284083150864e-03 6.350463200990509756e-05 1.499038466282899204e-02
1.086822411598581568e-02 7.583966962391576472e-02 2.102374131764883358e-01 3.209012811866176346e-02 -4.454145571117224672e-02 -2.668013811798774365e-02 1.661304844535185232e-01 -2.305909651778159930e-01 -1.381229845651651689e-01 9.178751424749792553e-02 4.744609080807167811e-01 7.028503785505134660e-01 -1.187856804266062064e-02 -1.523808943386708858e-01 -2.173122079951776697e-01 -2.607639774486987527e-02 -3.345137894756005648e-01 -4.770540986208708367e-01 1.339896009787489711e-02 1.045030181609458847e-01 2.536962639285945675e-01 -6.644711329387280319e-02 -7.393361291767400201e-02 -4.528345208554782758e-02 -2.526710071087229781e-01 -2.811390820316910233e-01 -1.721943193109344017e-01 1.500049182800610725e-01 4.029653226058446114e-01 6.582920493393298322e-01 1.000000000000000222e+00 3.482568936126624604e-02 1.636663538631702719e-01 3.452509878474973454e-02 1.627917969189560388e-01 8.076043284083150864e-03 6.623665961130320579e-02 1.499038466282899204e-02 9.716221334565687540e-02
1.548094758885943338e-11 1.381724042381378449e-07 3.662914256681732155e-04 4.290567615231661495e-07 -8.796698208751317801e-08 -2.318022306013076277e-09 1.664859408338005206e-03 -3.413363239669856973e-04 -8.994570394842410900e-06 3.380683641996468298e-05 6.930416872215568874e-03 6.976863509212576087e-02 1.501654230378597459e-02 1.357652339555791027e-03 -1.235498530084190051e-04 1.871484618956885670e-01 1.692017656240942663e-02 -1.539779563777105746e-03 3.221996311593366275e-02 2.714037411774167241e-01 3.755875072942302939e-01 2.978629462578312737e-01 -2.143941972614113178e-01 -5.940477914099845727e-03 4.177108228452980354e-01 -3.006576604321986590e-01 -8.330683452801997471e-03 4.640466646391989513e-04 3.365782842177483802e-02 5.046587983797737017e-04 3.482568936126624604e-02 9.999999999999997780e-01 6.582920493393298322e-01 1.844599469004514630e-02 1.491952965136811304e-01 1.853079282362324678e-02 1.494686720045927952e-01 3.667376513557670886e-07 1.847999607665124725e-03
2.089768022997679755e-04 2.393404901663408885e-03 1.687112680452285476e-02 2.931591557695915375e-03 -6.010469596802227050e-04 -1.583821823185937845e-05 4.059210297152351932e-02 -8.322359918799936834e-03 -2.193029188071443495e-04 1.332918444242485977e-02 1.040736289482988852e-01 2.529955964476518493e-01 1.084345591646467960e-01 9.803617234938775613e-03 -8.921543704802902550e-04 4.129427007263150040e-01 3.733433518861534184e-02 -3.397520477318726438e-03 9.179622852946280054e-02 4.744962056569009268e-01 7.028857031488584539e-01 2.156042317958857812e-01 -1.551864600239006020e-01 -4.299937918633439486e-03 4.732917409828941713e-01 -3.406633962139408722e-01 -9.439170496222219764e-03 3.365782842177484496e-02 1.602519610062906330e-01 3.482568936126625297e-02 1.636663538631702719e-01 6.582920493393298322e-01 1.000000000000000222e+00 1.491952965136811582e-01 4.016244475806521885e-01 1.494686720045927952e-01 4.020775191562075968e-01 1.847999607665124942e-03 2.652433561756448524e-02
9.867179623948476140e-08 4.978996534204249567e-05 6.458875286521113465e-03 1.146359891806982787e-04 2.996739960768107840e-05 -4.133696453015152047e-05 2.175306187835572558e-02 5.686544885757919242e-03 -7.844007398674631565e-03 3.418992625995612644e-05 6.972671449810526230e-03 6.996364865596448046e-02 9.052528489840814402e-03 1.051551373651149826e-02 -6.113213435920121334e-03 1.124397536458579955e-01 1.306112182159815116e-01 -7.593107422868711209e-02 3.202854670800077408e-02 2.705583425759134353e-01 3.750482344019046566e-01 8.394067821292778425e-03 2.220247659982565736e-01 -2.910835311415612137e-01 1.179654902926569049e-02 3.120210717342399853e-01 -4.090723615566839166e-01 1.345483337956949961e-05 7.977134230208038704e-03 4.940121085037197345e-04 3.452509878474973454e-02 1.844599469004514630e-02 1.491952965136811582e-01 9.999999999999997780e-01 6.582920493393298322e-01 2.008836470039224512e-02 1.543589822371124742e-01 4.201051364061624514e-05 1.267201535516375432e-02
2.243268061991049965e-03 1.910198688779653903e-02 7.678274476484431288e-02 1.772772128550838960e-02 4.634266356432097111e-03 -6.392496730013465592e-03 1.361106073128417748e-01 3.558115552837980144e-02 -4.908056699192040601e-02 1.337199148615716461e-02 1.043371141641987188e-01 2.534256567767803059e-01 6.513558567026067614e-02 7.566219168710859588e-02 -4.398635562680958816e-02 2.478253104619756453e-01 2.878765263586545164e-01 -1.673575531275533768e-01 9.164550467461538008e-02 4.738855880548057953e-01 7.022744995335231666e-01 6.089470200439894322e-03 1.610676998435072449e-01 -2.111663291817875154e-01 1.337385083345369458e-02 3.537410186585603911e-01 -4.637689149576908476e-01 7.977134230208038704e-03 6.573267566442834997e-02 3.452509878474974148e-02 1.627917969189560388e-01 1.491952965136811304e-01 4.016244475806521885e-01 6.582920493393298322e-01 1.000000000000000222e+00 1.543589822371124742e-01 4.101289636182606224e-01 1.267201535516375259e-02 8.756183848806384229e-02
8.130375539436763069e-08 4.373746448607293400e-05 6.062047671906759493e-03 1.014580392533963402e-04 2.525190840510172305e-05 3.705837458096348608e-05 2.057353761366525688e-02 5.120551227011803548e-03 7.514652056684867874e-03 3.381489248279713684e-05 6.931307724145362864e-03 6.977275318470807508e-02 9.130618806638178195e-03 1.027412776032526030e-02 6.203431356815264537e-03 1.137851338827513409e-01 1.280354626005391072e-01 7.730672831884151386e-02 3.202079962053180906e-02 2.705240740556560386e-01 3.750263560932457496e-01 1.474600734819163893e-02 2.134660111357253864e-01 2.971270324173019839e-01 2.072499453745203085e-02 3.000189685421617014e-01 4.176015906117870324e-01 4.820882068430256545e-04 3.418384222156349572e-02 1.386908438323654381e-05 8.076043284083150864e-03 1.853079282362324678e-02 1.494686720045927952e-01 2.008836470039224512e-02 1.543589822371124742e-01 9.999999999999997780e-01 6.582920493393298322e-01 9.578588211618122841e-04 4.518626442929255665e-02
2.128998119971371381e-03 1.824838080329404047e-02 7.426227458046991137e-02 1.705707601515167246e-02 4.245338510019051707e-03 6.230235838155122330e-03 1.326788535472538111e-01 3.302246211067993986e-02 4.846203110082609317e-02 1.333008821586779621e-02 1.040791937105419729e-01 2.530046829048777091e-01 6.592729020452205158e-02 7.418395366159119542e-02 4.479164314988782342e-02 2.510608263788262073e-01 2.825034163022543399e-01 1.705731709765463122e-01 9.163939044894650610e-02 4.738608132288946173e-01 7.022496956157248116e-01 1.069844608056733613e-02 1.548727432615430721e-01 2.155700495961891117e-01 2.349665302133122080e-02 3.401420246897440824e-01 4.734495663209688510e-01 3.418384222156349572e-02 1.617953710427121605e-01 8.076043284083150864e-03 6.623665961130320579e-02 1.494686720045927952e-01 4.020775191562075968e-01 1.543589822371124742e-01 4.101289636182606224e-01 6.582920493393298322e-01 1.000000000000000222e+00 4.518626442929254972e-02 1.922410664917634238e-01
3.290224054050742281e-02 2.386727820748309470e-01 4.190288740805776513e-01 1.207018128176928426e-02 1.538733086443128395e-01 2.322004707863405404e-01 2.515326320366481280e-02 3.206592959954139843e-01 4.838866477113578091e-01 1.856495028750586220e-04 1.734142833634853137e-02 1.063024454518657624e-01 -1.928024997859009021e-02 2.497992491223128067e-02 1.442101446034365665e-02 -1.436839647578946888e-01 1.861601719235781716e-01 1.074710408731241879e-01 9.801482709428399139e-07 1.019500781025528980e-03 2.893614335488787354e-02 -2.366396510048881380e-03 5.744052894075867086e-04 8.167325208764122327e-04 -8.448459021776183464e-02 2.050729676469664406e-02 2.915881258730303877e-02 1.619929804243081407e-03 5.593242695459366143e-02 6.350463200990509756e-05 1.499038466282899204e-02 3.667376513557670886e-07 1.847999607665124942e-03 4.201051364061624514e-05 1.267201535516375259e-02 9.578588211618122841e-04 4.518626442929254972e-02 9.999999999999997780e-01 6.582920493393298322e-01
6.788605136971562204e-02 3.750193777682818697e-01 6.768840206438011542e-01 6.403686140130582932e-03 8.163559029473003992e-02 1.231911022539627781e-01 2.092779215848746682e-02 2.667920677306455657e-01 4.025990230204020137e-01 2.161647094438011105e-02 1.523412707897182916e-01 3.268379615433077423e-01 -8.088304860950736030e-02 1.047938944350553514e-01 6.049795074698930547e-02 -2.685076074675392110e-01 3.478844869931757011e-01 2.008351600369042700e-01 4.845331076468162995e-03 4.680751647941206600e-02 1.480073432274170153e-01 -5.198828194479078457e-02 1.261933239399677664e-02 1.794311324771416180e-02 -2.635106570329038833e-01 6.396304024799372157e-02 9.094744785261606179e-02 5.593242695459366143e-02 2.193143116908153056e-01 1.499038466282899204e-02 9.716221334565687540e-02 1.847999607665124725e-03 2.652433561756448524e-02 1.267201535516375432e-02 8.756183848806384229e-02 4.518626442929255665e-02 1.922410664917634238e-01 6.582920493393298322e-01 1.000000000000000222e+00
