2.265236651638061281e-05 -1.535003306726937531e-04 -5.949037107512071629e-04 -2.405346252248886647e-04 1.096911308270803471e-04 -1.451625365832387286e-05 -3.043162160037503187e-04 1.886251358332533272e-04 1.185308340325957420e-05 1.383232084203242550e-03 1.929122474417693193e-03 1.869324382185989135e-03 4.352120232153533930e-04 -8.504884431410363911e-04 -6.796694167232830925e-04 1.477293073381199411e-04 -3.846820018116608618e-04 -2.892755012799986549e-04 -6.474384090705274149e-04 3.862434072391947673e-04 1.512689803970629061e-04 -1.312612912613688940e-03 8.151544744799827649e-04 1.521882798027574207e-04 -4.991712816731774804e-04 5.186561459612870455e-04 6.226383315921328859e-05 6.189324116350218476e-04 1.182689349455300667e-04 1.351207957412753563e-03 7.259491613169170030e-04 -9.580759931585195810e-04 -8.935692177791867020e-04 3.506976888787107145e-04 1.770679505834368524e-04 5.816203942698867360e-04 5.005519502640875910e-04 7.579790067111236423e-05 2.157625202100086812e-04
-1.535003306726937531e-04 1.101815496782045751e-03 4.161929697926033782e-03 1.671778943766829293e-03 -8.034354020706104427e-04 1.534405844301564180e-04 2.277668549856125962e-03 -1.444471467543237972e-03 8.684621094773039521e-05 -3.645244521119378727e-03 -1.501380840113677138e-02 -1.521369443268680635e-02 -4.313346109944936856e-03 5.826641821137302710e-03 1.880395261143274306e-03 -1.658565140550728907e-03 2.422932846428566597e-03 6.604363223526314892e-04 1.549540800986831408e-03 -2.946575139593993805e-03 -6.546187046822967131e-04 1.003411716025252691e-02 -3.617414284916062751e-03 5.474156982667814078e-04 3.613417320679904350e-03 -2.749010371958605491e-03 3.779322146754728051e-04 -6.414753201381047723e-03 -2.229183922957624856e-03 -8.297146321502175612e-03 -3.678306808450624698e-03 6.319188752998172384e-03 5.984620369121331981e-03 -2.713758454610024681e-03 -1.711483638929455755e-03 -2.215027816200829201e-03 -1.757565350303776216e-03 -3.128442054291757338e-04 -1.131130782763781683e-03
-5.949037107512071629e-04 4.161929697926033782e-03 1.802349537363594559e-02 5.505804109918768091e-03 -2.127279274373686246e-03 5.289921298813002066e-04 8.110237763661435478e-03 -5.170195564263981719e-03 -3.211035993724054320e-04 2.614737234079883565e-02 -5.301081756649854426e-02 -5.643243422113544683e-02 -9.436852155915966683e-03 2.438283516900683137e-02 1.947015960011654057e-02 -3.543223149835109023e-03 1.083553366274452381e-02 8.124111811712809647e-03 5.778933703270522533e-03 -7.164291097053201128e-03 1.413465742515653163e-03 4.229958587738922443e-02 -3.056082362394395638e-02 -7.886959615880744651e-03 1.623802844628172148e-02 -1.865443292469453826e-02 -3.399121535197692761e-03 -1.795607946376412759e-02 -3.027172021588855552e-03 -3.938480017109632914e-02 -2.144313619750628716e-02 3.430207245742657174e-02 3.010579231819141693e-02 -9.409354209185856119e-03 -5.306245038636155271e-03 -1.977570549781178244e-02 -1.798022669639330953e-02 -1.956186518867030454e-03 -6.258496991494291728e-03
-2.405346252248886647e-04 1.671778943766829293e-03 5.505804109918768091e-03 4.200852551341375044e-03 -8.630786541203368679e-04 1.560748997512073199e-04 5.690083495371285084e-03 -7.858567087191809224e-04 1.092965488656385859e-04 -3.427882828346788535e-02 -2.125571538747892536e-02 -1.823956277292399994e-02 -1.887038623600031592e-02 -8.347349809721913219e-03 -1.828138251346619501e-03 -5.728780680481939183e-03 -3.474353765224542055e-03 -1.484154991201571024e-03 1.877459379599179939e-02 -1.331777645869625971e-02 -1.394403010140926429e-02 2.801805783871426023e-02 -1.096853417768250613e-03 -9.809482243528641274e-04 1.207924736887884022e-02 -7.409026373162930440e-04 -3.390011452672797207e-04 -4.330289086072185156e-03 6.061010788940970418e-04 -2.803498545084358046e-03 1.029636394876944517e-03 1.114680794303124153e-02 1.273080184954549117e-02 -4.612881979299311014e-03 -8.149672582227131690e-04 -5.136437123367169552e-03 -1.274423154752060130e-03 3.760872276577480059e-04 -2.928689190363728849e-04
1.096911308270803471e-04 -8.034354020706104427e-04 -2.127279274373686246e-03 -8.630786541203368679e-04 1.643136467392702568e-03 -4.358837456651381702e-04 -5.371004774328954007e-04 2.388649545740288965e-03 -9.892441116434210879e-04 2.713059258244575681e-02 1.181551318041043457e-02 1.207843928863538106e-02 -3.097050301974434237e-03 -1.451895737040378130e-02 6.501615337773513671e-03 -1.501505153802486139e-04 -5.362115003859628526e-03 2.714795749830572081e-03 9.593202510229515215e-03 -5.650650426453155024e-03 -9.712355054025767140e-03 2.443491511463446574e-03 -3.343311110818574113e-04 -1.635994692912596431e-03 2.240741225879789786e-03 1.176900853389340786e-03 -7.994043123523921933e-04 1.287072934303920210e-02 8.721833729761676451e-03 5.481593357576986132e-03 1.931714056112748086e-03 -1.212625324788478608e-03 3.708272657217927737e-04 -6.353583515766842533e-04 1.960462862772903089e-03 -3.184468507979514550e-03 -1.277803234968057696e-03 2.897057424939375545e-04 5.986153038630801382e-04
-1.451625365832387286e-05 1.534405844301564180e-04 5.289921298813002066e-04 1.560748997512073199e-04 -4.358837456651381702e-04 6.223711226859298101e-04 1.799623343720287453e-04 -9.957464211581949515e-04 1.430258194123432179e-03 1.300512616069759422e-04 -2.124433588887768634e-03 -3.215747037273127430e-03 2.301892616031763188e-03 4.577928608843176601e-03 -1.307464401757159680e-02 7.959733158349785627e-04 1.268062415732418464e-03 -5.791523914681565542e-03 -2.255562596604856248e-03 1.040695925818592698e-03 2.660300656267554180e-03 -6.932703138035741170e-04 -3.689579928025915785e-03 -7.339440916005277732e-03 -5.501344533428518396e-04 -2.135029539267410768e-03 -3.643593901908596944e-03 -9.171359981191921570e-03 -6.920465964634880431e-03 3.919487983169992612e-03 2.947818272951915029e-03 1.693972136122116152e-03 9.430349121055673278e-04 2.019860145755789874e-03 1.893026600375302985e-04 -4.401558740292721948e-03 -3.200853563222163384e-03 5.051338696276623649e-04 5.347057123777609585e-04
-3.043162160037503187e-04 2.277668549856125962e-03 8.110237763661435478e-03 5.690083495371285084e-03 -5.371004774328954007e-04 1.799623343720287453e-04 8.790507328720612717e-03 -5.102822221788386181e-04 3.078153092608505368e-05 -1.028527231804121471e-02 -3.114023937855690816e-02 -2.993688051410173592e-02 -3.249796791305127608e-02 -1.914107725118516234e-02 -5.236380784417226167e-03 -1.058663435591493222e-02 -8.459149378139161485e-03 -3.659868767563686370e-03 1.883001020819707882e-02 -1.737374272928578212e-02 -1.759518522783646774e-02 5.044350375115118357e-02 1.530973418509169086e-03 3.717941543480084935e-04 2.166443711945925318e-02 5.183925443946105606e-04 4.749703522243414505e-04 -5.575228937250060329e-03 2.093767746204211119e-03 -5.805445775091174626e-04 4.751650654871261009e-03 2.086494564214933997e-02 2.197238219520462194e-02 -5.627382360909600166e-03 -7.920953736281943942e-04 -3.993482004894916525e-03 8.416701275660758499e-04 1.161680670721114937e-03 5.039125679639206009e-04
1.886251358332533272e-04 -1.444471467543237972e-03 -5.170195564263981719e-03 -7.858567087191809224e-04 2.388649545740288965e-03 -9.957464211581949515e-04 -5.102822221788386181e-04 4.759976653724882351e-03 -2.184876107312448516e-03 6.104326428090368906e-03 1.974176708816565914e-02 2.314100643249408437e-02 -1.189568286703599626e-02 -3.094205780589671592e-02 1.464444799449503634e-02 -2.978163889311154482e-03 -1.185628451906314829e-02 6.334583615931111203e-03 9.811044538566248557e-03 -8.807082329076039787e-03 -1.654517007866231418e-02 5.263634513202190487e-03 1.315250649306938698e-02 -3.802330767048409197e-03 4.485866817473969405e-03 9.250817314710783196e-03 -2.098555144465934219e-03 2.722108935094998128e-02 1.919026279755349854e-02 1.055723394386723704e-02 4.089823704650182197e-03 -6.596079759500113326e-03 -3.047584373485435170e-03 5.486448049344513390e-03 8.570049317557962287e-03 -4.617593716221400245e-04 1.607007680000082208e-03 3.909477608065675355e-04 1.338103519179899151e-03
1.185308340325957420e-05 8.684621094773039521e-05 -3.211035993724054320e-04 1.092965488656385859e-04 -9.892441116434210879e-04 1.430258194123432179e-03 3.078153092608505368e-05 -2.184876107312448516e-03 3.592383843128780542e-03 -4.049509945955025864e-03 -1.504005813519611800e-03 -3.824387342025590414e-03 5.616019680738046534e-03 8.796333181354840797e-03 -3.653150112110958164e-02 2.049164374165756124e-03 1.950195509398493926e-03 -1.631423448582760422e-02 -2.306063615829809146e-03 2.065461912447224754e-03 5.044033404628802536e-03 -4.534134954206243961e-03 -6.545244394001760446e-03 -9.826719257277970881e-03 -2.551912139261288195e-03 -3.799520890347343836e-03 -4.825846287449083588e-03 -2.302824950657529970e-02 -1.878295239506974634e-02 1.481727746824054032e-02 1.107967040884081690e-02 1.193701906012081685e-03 2.921893616103474707e-05 1.113768726409009122e-03 -2.730047361698518128e-03 -5.191647847425409114e-03 -2.495479077861503369e-03 1.635873537369763415e-03 2.340420310447646930e-03
1.383232084203242550e-03 -3.645244521119378727e-03 2.614737234079883565e-02 -3.427882828346788535e-02 2.713059258244575681e-02 1.300512616069759422e-04 -1.028527231804121471e-02 6.104326428090368906e-03 -4.049509945955025864e-03 2.059607573105871836e+00 -7.547058919253299414e-02 -2.098223241852110732e-01 -2.089531837715612184e-02 2.086659394555932107e-02 3.177562188761821915e-04 -2.237487524095660429e-02 5.588736536334053089e-03 -6.032728089420818195e-03 1.121057806132389617e-02 -2.540195196960379209e-02 2.471622097702121448e-02 5.855113338054866029e-02 3.431554032635546897e-02 1.770691500328601539e-04 3.673928732124322888e-03 9.657759850172783437e-04 2.418881506960331249e-03 -5.707679559302995809e-02 -1.231248867916983182e-03 -5.860322609923399734e-02 -7.812892799907605532e-03 1.176846800509475342e-02 1.587422710653090679e-02 4.962730528070467828e-03 8.296274183644546801e-03 5.564036763517963766e-03 5.729673858621104135e-03 8.361843299167165747e-03 4.788005488937898541e-03
1.929122474417693193e-03 -1.501380840113677138e-02 -5.301081756649854426e-02 -2.125571538747892536e-02 1.181551318041043457e-02 -2.124433588887768634e-03 -3.114023937855690816e-02 1.974176708816565914e-02 -1.504005813519611800e-03 -7.547058919253299414e-02 2.523990691271250641e-01 2.632408746774447250e-01 1.001078804225381952e-01 -8.352999507594320583e-02 -7.719282796392939495e-03 4.456810497479500588e-02 -3.126308040188521126e-02 -1.114350674169338039e-03 -2.348185161012747088e-02 4.337062787966000643e-02 -3.607647875428246997e-04 -1.228694610582471980e-01 -6.968132419066760952e-02 -1.070265525742498513e-03 -3.549937745195109323e-02 -1.745431874315951301e-02 -6.284133101836737517e-04 1.106283525881546770e-01 3.492404235785202121e-02 1.185610648140321549e-01 4.102568030122331899e-02 -3.223001471044638355e-02 -3.985388901486806856e-02 -1.044193957007673659e-02 -1.092831745704637807e-02 -1.155958214235013395e-02 -1.145217485789805367e-02 2.435599268269359949e-03 1.093702359724952125e-02
1.869324382185989135e-03 -1.521369443268680635e-02 -5.643243422113544683e-02 -1.823956277292399994e-02 1.207843928863538106e-02 -3.215747037273127430e-03 -2.993688051410173592e-02 2.314100643249408437e-02 -3.824387342025590414e-03 -2.098223241852110732e-01 2.632408746774447250e-01 2.920013788990450387e-01 8.915651619248295134e-02 -1.040902615557472155e-01 1.697667065024889219e-02 4.530809274316824342e-02 -3.625523408919729962e-02 1.020770747696454935e-02 1.460622012108808536e-02 2.411291945021869654e-03 -5.287726893858530480e-02 -1.368801689566157553e-01 -6.564572526336411029e-02 -4.570797793418976927e-03 -3.882342532014708414e-02 -1.239269501912334051e-02 -2.664177541496942549e-03 1.380485468910431224e-01 5.381349326629751573e-02 1.189800794492588409e-01 3.716182912026534668e-02 -5.666621467848199228e-02 -5.062303360728424156e-02 -1.983678770562835592e-02 -7.116193069840225441e-03 -2.805495281077913239e-02 -1.711379870603428610e-02 1.292737234059219888e-03 9.624503535095680837e-03
4.352120232153533930e-04 -4.313346109944936856e-03 -9.436852155915966683e-03 -1.887038623600031592e-02 -3.097050301974434237e-03 2.301892616031763188e-03 -3.249796791305127608e-02 -1.189568286703599626e-02 5.616019680738046534e-03 -2.089531837715612184e-02 1.001078804225381952e-01 8.915651619248295134e-02 2.003743994859818189e-01 1.670929071520434461e-01 3.577220934392331183e-03 7.042960580620505340e-02 7.227462356737969496e-02 7.337567420173479044e-03 -5.328479938807231114e-02 9.578596562158142591e-02 1.068922169519833237e-01 -1.954586418592267061e-01 -1.594017757221132536e-01 -8.033981816043476434e-04 -8.378998838433934782e-02 -8.299305721127056557e-02 2.989956836436151672e-04 -3.625575545512658981e-02 -5.623316051512763925e-02 -3.542233718244075513e-02 -4.695780798087748065e-02 -8.630834884111527466e-03 -3.441481445877607459e-02 -3.152722027712151487e-02 -4.712691641572749196e-02 -3.427551275577205014e-02 -5.159188415140219391e-02 -7.910338270046954681e-03 -1.195142073373728527e-02
-8.504884431410363911e-04 5.826641821137302710e-03 2.438283516900683137e-02 -8.347349809721913219e-03 -1.451895737040378130e-02 4.577928608843176601e-03 -1.914107725118516234e-02 -3.094205780589671592e-02 8.796333181354840797e-03 2.086659394555932107e-02 -8.352999507594320583e-02 -1.040902615557472155e-01 1.670929071520434461e-01 2.875738391429008001e-01 1.345645591221628860e-03 4.867526143949249540e-02 1.193837908827420358e-01 6.724362318716716434e-03 -4.195876020962038128e-02 8.402079059687979357e-02 1.361931564342268308e-01 -1.822954544097434293e-01 -9.230875900625030994e-02 -3.258108186614975870e-04 -9.496065103859031853e-02 -6.568102133279297983e-02 9.685881254932511976e-06 -1.431750307428951152e-01 -1.039286964596510404e-01 -1.384733758492814881e-01 -8.816138418345650929e-02 -2.469218917916464473e-02 -4.311974327520166905e-02 -1.237056362383780542e-02 -3.725355378700127146e-02 -1.472295054864611839e-02 -3.912755910388633629e-02 -1.167269536298664798e-02 -2.184138437599465049e-02
-6.796694167232830925e-04 1.880395261143274306e-03 1.947015960011654057e-02 -1.828138251346619501e-03 6.501615337773513671e-03 -1.307464401757159680e-02 -5.236380784417226167e-03 1.464444799449503634e-02 -3.653150112110958164e-02 3.177562188761821915e-04 -7.719282796392939495e-03 1.697667065024889219e-02 3.577220934392331183e-03 1.345645591221628860e-03 4.372289896809997689e-01 -1.112511852106385968e-04 2.186877772730914937e-02 1.989428160426887082e-01 2.260597901276657404e-04 6.894828375857603485e-04 -1.628697185308160961e-02 8.372034032661988768e-04 6.294130770922412815e-05 7.203316599616986678e-03 5.601414610533774451e-03 1.690046793721290685e-03 2.350695159283078348e-03 2.297794988402745431e-01 1.963360043820616130e-01 -2.345407983613995995e-01 -1.798087560467665214e-01 7.411400897199463657e-04 3.539423585061050263e-03 2.219727920464190443e-02 5.252908168158803431e-02 -2.341477229494629692e-02 -5.126094922705859425e-02 -2.510829582722470810e-02 -4.139492664304619818e-02
1.477293073381199411e-04 -1.658565140550728907e-03 -3.543223149835109023e-03 -5.728780680481939183e-03 -1.501505153802486139e-04 7.959733158349785627e-04 -1.058663435591493222e-02 -2.978163889311154482e-03 2.049164374165756124e-03 -2.237487524095660429e-02 4.456810497479500588e-02 4.530809274316824342e-02 7.042960580620505340e-02 4.867526143949249540e-02 -1.112511852106385968e-04 2.792426669510890067e-02 2.268848583543713743e-02 1.682499080376856056e-03 2.117884760774035782e-03 1.201005597099862911e-02 1.051891265729159967e-02 -6.909605153175146786e-02 -7.471140331120183775e-02 -1.316707714498420792e-03 -2.792423473462551931e-02 -3.691964151866767435e-02 -1.645144842182819436e-04 -6.680643310467290763e-03 -1.738402029694848319e-02 -5.158387614190615422e-03 -1.368341080703640647e-02 -4.090550417133681851e-03 -8.437264560357239651e-03 -2.541663079999955874e-02 -2.273183544024863847e-02 -2.727172924656067615e-02 -2.547407568247892981e-02 -2.408499436619565733e-03 -3.998422046926088623e-03
-3.846820018116608618e-04 2.422932846428566597e-03 1.083553366274452381e-02 -3.474353765224542055e-03 -5.362115003859628526e-03 1.268062415732418464e-03 -8.459149378139161485e-03 -1.185628451906314829e-02 1.950195509398493926e-03 5.588736536334053089e-03 -3.126308040188521126e-02 -3.625523408919729962e-02 7.227462356737969496e-02 1.193837908827420358e-01 2.186877772730914937e-02 2.268848583543713743e-02 5.151723962564402209e-02 1.247956619449988591e-02 -5.906902009265813276e-03 2.239242235847677814e-02 4.121940243877719734e-02 -8.273601191625361284e-02 -4.673052934983848439e-02 4.124780671958235348e-04 -4.177430553561435611e-02 -3.092203757359503896e-02 3.097291243747154576e-04 -4.707910900489876982e-02 -3.375759992085092948e-02 -6.767529536489438891e-02 -4.543541077709643827e-02 -1.531668224135706788e-02 -1.936516945607664325e-02 -1.191567139730039492e-02 -1.635905436804608107e-02 -1.495988624035415535e-02 -2.231483179648441340e-02 -6.089477907886570868e-03 -1.127491077258093756e-02
-2.892755012799986549e-04 6.604363223526314892e-04 8.124111811712809647e-03 -1.484154991201571024e-03 2.714795749830572081e-03 -5.791523914681565542e-03 -3.659868767563686370e-03 6.334583615931111203e-03 -1.631423448582760422e-02 -6.032728089420818195e-03 -1.114350674169338039e-03 1.020770747696454935e-02 7.337567420173479044e-03 6.724362318716716434e-03 1.989428160426887082e-01 1.682499080376856056e-03 1.247956619449988591e-02 9.088458530247242595e-02 -1.737327370340405793e-03 3.991619244616377571e-03 -3.035947572777036949e-03 -8.557115116943328839e-03 2.709956359758112967e-04 -2.928006492152817122e-03 -1.426040195494642990e-03 7.480125780551415615e-04 -2.141334285635202502e-03 1.034453299391962233e-01 8.816238315347994792e-02 -1.084458319511282937e-01 -8.390618510607973646e-02 -3.167698731664804306e-03 -2.242888611931633143e-03 1.466051947128177955e-02 2.655330371125797645e-02 -1.299361870006707741e-02 -2.623333033882570969e-02 -1.175716676759609031e-02 -1.930283322190033332e-02
-6.474384090705274149e-04 1.549540800986831408e-03 5.778933703270522533e-03 1.877459379599179939e-02 9.593202510229515215e-03 -2.255562596604856248e-03 1.883001020819707882e-02 9.811044538566248557e-03 -2.306063615829809146e-03 1.121057806132389617e-02 -2.348185161012747088e-02 1.460622012108808536e-02 -5.328479938807231114e-02 -4.195876020962038128e-02 2.260597901276657404e-04 2.117884760774035782e-03 -5.906902009265813276e-03 -1.737327370340405793e-03 2.062237510373781113e+00 -7.896594257124762983e-02 -2.308161939481819247e-01 2.095498055800388290e-04 -8.475372751710720043e-04 1.095474030272540478e-03 3.763542296167821967e-03 5.276864477660861419e-03 9.342909745152136979e-04 1.106500029106460663e-02 1.487891831055794013e-02 9.583689229033978685e-03 1.141026825502702326e-02 -5.349832268752342107e-02 2.439745555459623717e-03 -5.427587812716278687e-02 1.121809446852141097e-03 -5.360399416815420093e-02 6.358514903866853548e-04 3.151361981367397595e-03 1.819883756558421601e-03
3.862434072391947673e-04 -2.946575139593993805e-03 -7.164291097053201128e-03 -1.331777645869625971e-02 -5.650650426453155024e-03 1.040695925818592698e-03 -1.737374272928578212e-02 -8.807082329076039787e-03 2.065461912447224754e-03 -2.540195196960379209e-02 4.337062787966000643e-02 2.411291945021869654e-03 9.578596562158142591e-02 8.402079059687979357e-02 6.894828375857603485e-04 1.201005597099862911e-02 2.239242235847677814e-02 3.991619244616377571e-03 -7.896594257124762983e-02 2.852513217493758413e-01 3.050874977792721876e-01 6.334899246647551297e-04 4.968487491514772189e-04 -2.883761438882134938e-03 -1.506380915032098141e-03 -5.471516269951401563e-03 -2.160671095791415891e-03 -2.081741838087031171e-02 -2.559211374941924508e-02 -2.005270714634159457e-02 -2.069434202424405914e-02 1.000468605994029869e-01 2.034515232625283207e-02 9.942394191729746200e-02 1.911459119779440607e-02 9.659895203977532374e-02 1.876531584860327215e-02 -4.104191554506634275e-03 -3.142785014599758404e-03
1.512689803970629061e-04 -6.546187046822967131e-04 1.413465742515653163e-03 -1.394403010140926429e-02 -9.712355054025767140e-03 2.660300656267554180e-03 -1.759518522783646774e-02 -1.654517007866231418e-02 5.044033404628802536e-03 2.471622097702121448e-02 -3.607647875428246997e-04 -5.287726893858530480e-02 1.068922169519833237e-01 1.361931564342268308e-01 -1.628697185308160961e-02 1.051891265729159967e-02 4.121940243877719734e-02 -3.035947572777036949e-03 -2.308161939481819247e-01 3.050874977792721876e-01 3.508098761831969226e-01 -5.817413310277603535e-03 7.669567247413364500e-03 -8.488953409322184257e-03 -9.860037468794725576e-03 -7.678628444167725879e-03 -5.034903616986477828e-03 -6.504479693131857976e-02 -5.202429985828629228e-02 -4.604346914413207786e-02 -3.127658022759297746e-02 1.048295891009434488e-01 1.784474946707677659e-02 1.120006561714510102e-01 1.928445338997839681e-02 1.050039742147003269e-01 1.853034943578077062e-02 -5.017079175920769081e-03 -5.604795531181656042e-03
-1.312612912613688940e-03 1.003411716025252691e-02 4.229958587738922443e-02 2.801805783871426023e-02 2.443491511463446574e-03 -6.932703138035741170e-04 5.044350375115118357e-02 5.263634513202190487e-03 -4.534134954206243961e-03 5.855113338054866029e-02 -1.228694610582471980e-01 -1.368801689566157553e-01 -1.954586418592267061e-01 -1.822954544097434293e-01 8.372034032661988768e-04 -6.909605153175146786e-02 -8.273601191625361284e-02 -8.557115116943328839e-03 2.095498055800388290e-04 6.334899246647551297e-04 -5.817413310277603535e-03 3.890510733065454807e-01 -8.700304126932591892e-03 1.364757240646964024e-03 1.742171920812195240e-01 -8.444836083782363912e-04 2.786899557420485004e-03 2.738185341915824050e-02 5.212698686437340634e-02 2.162581661264103769e-02 3.608159248665870900e-02 2.134035853178272435e-01 1.814368697346400716e-01 8.993385155429877093e-04 6.987410266474595316e-03 7.236211625471355470e-03 8.159483368452178850e-03 7.882712594391988806e-03 5.577634475515188574e-03
8.151544744799827649e-04 -3.617414284916062751e-03 -3.056082362394395638e-02 -1.096853417768250613e-03 -3.343311110818574113e-04 -3.689579928025915785e-03 1.530973418509169086e-03 1.315250649306938698e-02 -6.545244394001760446e-03 3.431554032635546897e-02 -6.968132419066760952e-02 -6.564572526336411029e-02 -1.594017757221132536e-01 -9.230875900625030994e-02 6.294130770922412815e-05 -7.471140331120183775e-02 -4.673052934983848439e-02 2.709956359758112967e-04 -8.475372751710720043e-04 4.968487491514772189e-04 7.669567247413364500e-03 -8.700304126932591892e-03 3.913552596695618058e-01 -4.365077964794674900e-03 -1.629466860522656158e-02 1.925560318892692857e-01 -6.954815388671978758e-03 2.876500589525208401e-02 4.827723102709952085e-02 2.472582528651372583e-02 4.185308615064829707e-02 -1.580633347903068753e-01 -1.228352823355769868e-01 1.565395572498572418e-01 1.202992604020076128e-01 1.494541645796755858e-01 1.248120365223902017e-01 5.095018289969079767e-03 1.709159154833346170e-02
1.521882798027574207e-04 5.474156982667814078e-04 -7.886959615880744651e-03 -9.809482243528641274e-04 -1.635994692912596431e-03 -7.339440916005277732e-03 3.717941543480084935e-04 -3.802330767048409197e-03 -9.826719257277970881e-03 1.770691500328601539e-04 -1.070265525742498513e-03 -4.570797793418976927e-03 -8.033981816043476434e-04 -3.258108186614975870e-04 7.203316599616986678e-03 -1.316707714498420792e-03 4.124780671958235348e-04 -2.928006492152817122e-03 1.095474030272540478e-03 -2.883761438882134938e-03 -8.488953409322184257e-03 1.364757240646964024e-03 -4.365077964794674900e-03 3.997146795016984222e-01 -5.898524717177334488e-03 -7.446800322089461820e-03 2.028689433809004461e-01 -2.156651056959335913e-02 -4.264881997390258805e-02 2.080476727628207886e-02 4.172325243632393071e-02 -2.941249852100070571e-03 -7.344903689282770846e-05 -2.163935064681620501e-01 -1.709165115676129776e-01 2.201771559271200052e-01 1.878128665767194450e-01 2.691355294575312369e-03 1.246967885271845801e-02
-4.991712816731774804e-04 3.613417320679904350e-03 1.623802844628172148e-02 1.207924736887884022e-02 2.240741225879789786e-03 -5.501344533428518396e-04 2.166443711945925318e-02 4.485866817473969405e-03 -2.551912139261288195e-03 3.673928732124322888e-03 -3.549937745195109323e-02 -3.882342532014708414e-02 -8.378998838433934782e-02 -9.496065103859031853e-02 5.601414610533774451e-03 -2.792423473462551931e-02 -4.177430553561435611e-02 -1.426040195494642990e-03 3.763542296167821967e-03 -1.506380915032098141e-03 -9.860037468794725576e-03 1.742171920812195240e-01 -1.629466860522656158e-02 -5.898524717177334488e-03 8.034898217829919420e-02 -4.506911480220567902e-03 -1.956273160427192924e-03 2.693711656969091303e-02 3.123855553655330991e-02 1.784380635208853219e-02 1.757929812445549814e-02 9.904100897626293143e-02 8.428639704964194235e-02 -1.031765706599317494e-03 3.726718983050724548e-03 -5.872731211041585207e-03 -3.221119445069770687e-03 3.528740455060936244e-03 2.630896863599973840e-03
5.186561459612870455e-04 -2.749010371958605491e-03 -1.865443292469453826e-02 -7.409026373162930440e-04 1.176900853389340786e-03 -2.135029539267410768e-03 5.183925443946105606e-04 9.250817314710783196e-03 -3.799520890347343836e-03 9.657759850172783437e-04 -1.745431874315951301e-02 -1.239269501912334051e-02 -8.299305721127056557e-02 -6.568102133279297983e-02 1.690046793721290685e-03 -3.691964151866767435e-02 -3.092203757359503896e-02 7.480125780551415615e-04 5.276864477660861419e-03 -5.471516269951401563e-03 -7.678628444167725879e-03 -8.444836083782363912e-04 1.925560318892692857e-01 -7.446800322089461820e-03 -4.506911480220567902e-03 9.688812310171501796e-02 -6.118441706516888033e-03 2.911161988094038838e-02 3.273085720102435203e-02 2.435325750194776082e-02 2.598690892914993708e-02 -7.876160182976611746e-02 -5.994309436520609685e-02 7.832014466787592943e-02 6.250115223820286448e-02 6.888591314493845708e-02 5.946917860438531711e-02 3.075574836146262227e-03 9.684568178588748993e-03
6.226383315921328859e-05 3.779322146754728051e-04 -3.399121535197692761e-03 -3.390011452672797207e-04 -7.994043123523921933e-04 -3.643593901908596944e-03 4.749703522243414505e-04 -2.098555144465934219e-03 -4.825846287449083588e-03 2.418881506960331249e-03 -6.284133101836737517e-04 -2.664177541496942549e-03 2.989956836436151672e-04 9.685881254932511976e-06 2.350695159283078348e-03 -1.645144842182819436e-04 3.097291243747154576e-04 -2.141334285635202502e-03 9.342909745152136979e-04 -2.160671095791415891e-03 -5.034903616986477828e-03 2.786899557420485004e-03 -6.954815388671978758e-03 2.028689433809004461e-01 -1.956273160427192924e-03 -6.118441706516888033e-03 1.030390409652762601e-01 -1.196460121988889534e-02 -2.254926000102891459e-02 1.094196342272404400e-02 2.137205107440966895e-02 1.259677346886099551e-03 2.314047864235661833e-03 -1.119890338981266026e-01 -8.834799607694161783e-02 1.097969534329840263e-01 9.393853935221596618e-02 1.432456335531039722e-03 6.272222403770457214e-03
6.189324116350218476e-04 -6.414753201381047723e-03 -1.795607946376412759e-02 -4.330289086072185156e-03 1.287072934303920210e-02 -9.171359981191921570e-03 -5.575228937250060329e-03 2.722108935094998128e-02 -2.302824950657529970e-02 -5.707679559302995809e-02 1.106283525881546770e-01 1.380485468910431224e-01 -3.625575545512658981e-02 -1.431750307428951152e-01 2.297794988402745431e-01 -6.680643310467290763e-03 -4.707910900489876982e-02 1.034453299391962233e-01 1.106500029106460663e-02 -2.081741838087031171e-02 -6.504479693131857976e-02 2.738185341915824050e-02 2.876500589525208401e-02 -2.156651056959335913e-02 2.693711656969091303e-02 2.911161988094038838e-02 -1.196460121988889534e-02 2.185406308797572528e-01 1.615849949811699604e-01 -3.122598614889968496e-02 -4.870598865778502651e-02 -9.482611168994738507e-03 -9.875342837655754717e-04 3.189457831681048738e-02 5.418817869333170112e-02 -1.953585029550426039e-02 -2.289270275223726295e-02 -8.095697471153948110e-03 -1.007454791622064416e-02
1.182689349455300667e-04 -2.229183922957624856e-03 -3.027172021588855552e-03 6.061010788940970418e-04 8.721833729761676451e-03 -6.920465964634880431e-03 2.093767746204211119e-03 1.919026279755349854e-02 -1.878295239506974634e-02 -1.231248867916983182e-03 3.492404235785202121e-02 5.381349326629751573e-02 -5.623316051512763925e-02 -1.039286964596510404e-01 1.963360043820616130e-01 -1.738402029694848319e-02 -3.375759992085092948e-02 8.816238315347994792e-02 1.487891831055794013e-02 -2.559211374941924508e-02 -5.202429985828629228e-02 5.212698686437340634e-02 4.827723102709952085e-02 -4.264881997390258805e-02 3.123855553655330991e-02 3.273085720102435203e-02 -2.254926000102891459e-02 1.615849949811699604e-01 1.327309381347658579e-01 -5.489220965914844846e-02 -5.250948284710230812e-02 -2.402497801884324966e-03 6.472001829077506964e-03 4.641709515412580089e-02 6.147886011940954104e-02 -2.386325172071952078e-02 -2.575440730420865132e-02 -7.380249836703213842e-03 -1.138959093819210365e-02
1.351207957412753563e-03 -8.297146321502175612e-03 -3.938480017109632914e-02 -2.803498545084358046e-03 5.481593357576986132e-03 3.919487983169992612e-03 -5.805445775091174626e-04 1.055723394386723704e-02 1.481727746824054032e-02 -5.860322609923399734e-02 1.185610648140321549e-01 1.189800794492588409e-01 -3.542233718244075513e-02 -1.384733758492814881e-01 -2.345407983613995995e-01 -5.158387614190615422e-03 -6.767529536489438891e-02 -1.084458319511282937e-01 9.583689229033978685e-03 -2.005270714634159457e-02 -4.604346914413207786e-02 2.162581661264103769e-02 2.472582528651372583e-02 2.080476727628207886e-02 1.784380635208853219e-02 2.435325750194776082e-02 1.094196342272404400e-02 -3.122598614889968496e-02 -5.489220965914844846e-02 2.185064656771780744e-01 1.460032805281994972e-01 -1.122813709150879968e-02 -5.802533090384497105e-03 -1.962277956641118870e-02 -2.431208658829394145e-02 3.208432805211069300e-02 5.388957163211031270e-02 1.869168943253808265e-02 3.506198580313604762e-02
7.259491613169170030e-04 -3.678306808450624698e-03 -2.144313619750628716e-02 1.029636394876944517e-03 1.931714056112748086e-03 2.947818272951915029e-03 4.751650654871261009e-03 4.089823704650182197e-03 1.107967040884081690e-02 -7.812892799907605532e-03 4.102568030122331899e-02 3.716182912026534668e-02 -4.695780798087748065e-02 -8.816138418345650929e-02 -1.798087560467665214e-01 -1.368341080703640647e-02 -4.543541077709643827e-02 -8.390618510607973646e-02 1.141026825502702326e-02 -2.069434202424405914e-02 -3.127658022759297746e-02 3.608159248665870900e-02 4.185308615064829707e-02 4.172325243632393071e-02 1.757929812445549814e-02 2.598690892914993708e-02 2.137205107440966895e-02 -4.870598865778502651e-02 -5.250948284710230812e-02 1.460032805281994972e-01 1.075044432617967838e-01 -7.525895986582371681e-03 -1.436246727370496263e-03 -2.212098021271782788e-02 -2.473246909029836946e-02 4.579316798260694987e-02 5.895837135606791374e-02 1.418991352654317036e-02 2.605251094330882436e-02
-9.580759931585195810e-04 6.319188752998172384e-03 3.430207245742657174e-02 1.114680794303124153e-02 -1.212625324788478608e-03 1.693972136122116152e-03 2.086494564214933997e-02 -6.596079759500113326e-03 1.193701906012081685e-03 1.176846800509475342e-02 -3.223001471044638355e-02 -5.666621467848199228e-02 -8.630834884111527466e-03 -2.469218917916464473e-02 7.411400897199463657e-04 -4.090550417133681851e-03 -1.531668224135706788e-02 -3.167698731664804306e-03 -5.349832268752342107e-02 1.000468605994029869e-01 1.048295891009434488e-01 2.134035853178272435e-01 -1.580633347903068753e-01 -2.941249852100070571e-03 9.904100897626293143e-02 -7.876160182976611746e-02 1.259677346886099551e-03 -9.482611168994738507e-03 -2.402497801884324966e-03 -1.122813709150879968e-02 -7.525895986582371681e-03 2.128916837331534528e-01 1.534063224249654633e-01 -2.357511127349385185e-02 -3.545152898394529628e-02 -2.317355363560166456e-02 -4.066241206041178863e-02 4.772358145410973934e-04 -5.666703939668379063e-03
-8.935692177791867020e-04 5.984620369121331981e-03 3.010579231819141693e-02 1.273080184954549117e-02 3.708272657217927737e-04 9.430349121055673278e-04 2.197238219520462194e-02 -3.047584373485435170e-03 2.921893616103474707e-05 1.587422710653090679e-02 -3.985388901486806856e-02 -5.062303360728424156e-02 -3.441481445877607459e-02 -4.311974327520166905e-02 3.539423585061050263e-03 -8.437264560357239651e-03 -1.936516945607664325e-02 -2.242888611931633143e-03 2.439745555459623717e-03 2.034515232625283207e-02 1.784474946707677659e-02 1.814368697346400716e-01 -1.228352823355769868e-01 -7.344903689282770846e-05 8.428639704964194235e-02 -5.994309436520609685e-02 2.314047864235661833e-03 -9.875342837655754717e-04 6.472001829077506964e-03 -5.802533090384497105e-03 -1.436246727370496263e-03 1.534063224249654633e-01 1.224678551492278250e-01 -3.916456560252597890e-02 -3.121714319607840279e-02 -3.668670947175663860e-02 -3.449801256975800617e-02 1.355799001611161488e-03 -3.820417108763443127e-03
3.506976888787107145e-04 -2.713758454610024681e-03 -9.409354209185856119e-03 -4.612881979299311014e-03 -6.353583515766842533e-04 2.019860145755789874e-03 -5.627382360909600166e-03 5.486448049344513390e-03 1.113768726409009122e-03 4.962730528070467828e-03 -1.044193957007673659e-02 -1.983678770562835592e-02 -3.152722027712151487e-02 -1.237056362383780542e-02 2.219727920464190443e-02 -2.541663079999955874e-02 -1.191567139730039492e-02 1.466051947128177955e-02 -5.427587812716278687e-02 9.942394191729746200e-02 1.120006561714510102e-01 8.993385155429877093e-04 1.565395572498572418e-01 -2.163935064681620501e-01 -1.031765706599317494e-03 7.832014466787592943e-02 -1.119890338981266026e-01 3.189457831681048738e-02 4.641709515412580089e-02 -1.962277956641118870e-02 -2.212098021271782788e-02 -2.357511127349385185e-02 -3.916456560252597890e-02 2.133265253983608334e-01 1.487785703691613115e-01 -2.690705737338508485e-02 -4.783876942618726230e-02 -2.140722091552205771e-03 -3.132378823767386668e-03
1.770679505834368524e-04 -1.711483638929455755e-03 -5.306245038636155271e-03 -8.149672582227131690e-04 1.960462862772903089e-03 1.893026600375302985e-04 -7.920953736281943942e-04 8.570049317557962287e-03 -2.730047361698518128e-03 8.296274183644546801e-03 -1.092831745704637807e-02 -7.116193069840225441e-03 -4.712691641572749196e-02 -3.725355378700127146e-02 5.252908168158803431e-02 -2.273183544024863847e-02 -1.635905436804608107e-02 2.655330371125797645e-02 1.121809446852141097e-03 1.911459119779440607e-02 1.928445338997839681e-02 6.987410266474595316e-03 1.202992604020076128e-01 -1.709165115676129776e-01 3.726718983050724548e-03 6.250115223820286448e-02 -8.834799607694161783e-02 5.418817869333170112e-02 6.147886011940954104e-02 -2.431208658829394145e-02 -2.473246909029836946e-02 -3.545152898394529628e-02 -3.121714319607840279e-02 1.487785703691613115e-01 1.180207454516890436e-01 -4.523464185918672775e-02 -4.669633286401127237e-02 -2.475274254770744396e-03 -4.521452049345591438e-03
5.816203942698867360e-04 -2.215027816200829201e-03 -1.977570549781178244e-02 -5.136437123367169552e-03 -3.184468507979514550e-03 -4.401558740292721948e-03 -3.993482004894916525e-03 -4.617593716221400245e-04 -5.191647847425409114e-03 5.564036763517963766e-03 -1.155958214235013395e-02 -2.805495281077913239e-02 -3.427551275577205014e-02 -1.472295054864611839e-02 -2.341477229494629692e-02 -2.727172924656067615e-02 -1.495988624035415535e-02 -1.299361870006707741e-02 -5.360399416815420093e-02 9.659895203977532374e-02 1.050039742147003269e-01 7.236211625471355470e-03 1.494541645796755858e-01 2.201771559271200052e-01 -5.872731211041585207e-03 6.888591314493845708e-02 1.097969534329840263e-01 -1.953585029550426039e-02 -2.386325172071952078e-02 3.208432805211069300e-02 4.579316798260694987e-02 -2.317355363560166456e-02 -3.668670947175663860e-02 -2.690705737338508485e-02 -4.523464185918672775e-02 2.163036271616972928e-01 1.634019563421525434e-01 3.947770476016009347e-03 1.556509228480847107e-02
5.005519502640875910e-04 -1.757565350303776216e-03 -1.798022669639330953e-02 -1.274423154752060130e-03 -1.277803234968057696e-03 -3.200853563222163384e-03 8.416701275660758499e-04 1.607007680000082208e-03 -2.495479077861503369e-03 5.729673858621104135e-03 -1.145217485789805367e-02 -1.711379870603428610e-02 -5.159188415140219391e-02 -3.912755910388633629e-02 -5.126094922705859425e-02 -2.547407568247892981e-02 -2.231483179648441340e-02 -2.623333033882570969e-02 6.358514903866853548e-04 1.876531584860327215e-02 1.853034943578077062e-02 8.159483368452178850e-03 1.248120365223902017e-01 1.878128665767194450e-01 -3.221119445069770687e-03 5.946917860438531711e-02 9.393853935221596618e-02 -2.289270275223726295e-02 -2.575440730420865132e-02 5.388957163211031270e-02 5.895837135606791374e-02 -4.066241206041178863e-02 -3.449801256975800617e-02 -4.783876942618726230e-02 -4.669633286401127237e-02 1.634019563421525434e-01 1.385538600998048042e-01 6.347739908380630944e-03 1.748939384823823551e-02
7.579790067111236423e-05 -3.128442054291757338e-04 -1.956186518867030454e-03 3.760872276577480059e-04 2.897057424939375545e-04 5.051338696276623649e-04 1.161680670721114937e-03 3.909477608065675355e-04 1.635873537369763415e-03 8.361843299167165747e-03 2.435599268269359949e-03 1.292737234059219888e-03 -7.910338270046954681e-03 -1.167269536298664798e-02 -2.510829582722470810e-02 -2.408499436619565733e-03 -6.089477907886570868e-03 -1.175716676759609031e-02 3.151361981367397595e-03 -4.104191554506634275e-03 -5.017079175920769081e-03 7.882712594391988806e-03 5.095018289969079767e-03 2.691355294575312369e-03 3.528740455060936244e-03 3.075574836146262227e-03 1.432456335531039722e-03 -8.095697471153948110e-03 -7.380249836703213842e-03 1.869168943253808265e-02 1.418991352654317036e-02 4.772358145410973934e-04 1.355799001611161488e-03 -2.140722091552205771e-03 -2.475274254770744396e-03 3.947770476016009347e-03 6.347739908380630944e-03 1.982726231885209578e-03 3.392445748653230130e-03
2.157625202100086812e-04 -1.131130782763781683e-03 -6.258496991494291728e-03 -2.928689190363728849e-04 5.986153038630801382e-04 5.347057123777609585e-04 5.039125679639206009e-04 1.338103519179899151e-03 2.340420310447646930e-03 4.788005488937898541e-03 1.093702359724952125e-02 9.624503535095680837e-03 -1.195142073373728527e-02 -2.184138437599465049e-02 -4.139492664304619818e-02 -3.998422046926088623e-03 -1.127491077258093756e-02 -1.930283322190033332e-02 1.819883756558421601e-03 -3.142785014599758404e-03 -5.604795531181656042e-03 5.577634475515188574e-03 1.709159154833346170e-02 1.246967885271845801e-02 2.630896863599973840e-03 9.684568178588748993e-03 6.272222403770457214e-03 -1.007454791622064416e-02 -1.138959093819210365e-02 3.506198580313604762e-02 2.605251094330882436e-02 -5.666703939668379063e-03 -3.820417108763443127e-03 -3.132378823767386668e-03 -4.521452049345591438e-03 1.556509228480847107e-02 1.748939384823823551e-02 3.392445748653230130e-03 6.527333572848972865e-03
