2.520928647516614418e-06 2.522148336134385466e-05 -1.819997583340705503e-04 -1.775114707917800055e-06 1.518410285916949883e-06 8.025018834496615161e-07 -8.676878228521446460e-05 5.190329155543410680e-05 -2.045036540717464749e-05 -3.336013239829086906e-04 5.480414078951235815e-04 6.996931369995742665e-04 2.576591785000675720e-04 -7.617145412934900708e-05 1.967790923177608654e-04 2.785137424704843687e-06 2.801189738986648083e-05 7.215027359827387067e-05 -1.719187312998452682e-04 1.927613764749412076e-04 1.236964155690349566e-04 -6.637888702821771693e-04 3.629740751163629026e-04 2.410447231912223051e-05 -2.536424667986300185e-04 2.073332748282426849e-04 2.189118333101419577e-05 3.468259115385076939e-04 1.685788171878449375e-04 1.084986293397621922e-04 -5.148380114356498915e-05 -4.501014101612751213e-04 -4.097908025183728733e-04 2.060196632234239007e-04 1.496907142268079978e-04 1.927840816558019010e-04 1.015513323139008613e-04 1.098565889388503209e-05 6.995331781225365558e-06
2.522148336134385466e-05 2.526937221987227687e-04 -1.816605596424382971e-03 -1.740022623093110979e-05 1.530988502112441848e-05 8.565371574372884008e-06 -8.657509712745782180e-04 5.067361207150149508e-04 -2.204455361885404477e-04 -3.932412037166314010e-03 5.438722860159583318e-03 6.957932571154607990e-03 2.633369471900198159e-03 -6.700588672359773269e-04 2.161268249223261429e-03 4.895065453518078599e-05 3.050540350029498356e-04 7.890203179629995487e-04 -1.950038375367956845e-03 2.000876390234860008e-03 1.344304519433142274e-03 -6.653153082430650171e-03 3.552656313258791693e-03 2.675486094839350489e-04 -2.547395627656149752e-03 2.024018999631914395e-03 2.440444851379622564e-04 3.534076475443067872e-03 1.751331212293623721e-03 9.188087720201974611e-04 -6.647675133252371618e-04 -4.448078761947475007e-03 -4.077400270796879833e-03 2.055620172706503802e-03 1.494778379983670606e-03 1.927111896282311188e-03 9.774790525190341084e-04 1.134667903466868874e-04 7.825215818078395068e-05
-1.819997583340705503e-04 -1.816605596424382971e-03 1.334388453506547834e-02 1.337162641346745326e-04 -1.021368746915778071e-04 -4.059571572750529151e-05 6.396240663820405847e-03 -4.090584663218578554e-03 9.744990749830466630e-04 2.754511840084220703e-02 -3.957400340989900706e-02 -5.203113667582846824e-02 -1.716072014690559963e-02 7.094078655426549161e-03 -8.030522288892437757e-03 1.693629301221630961e-04 -1.803420714403495368e-03 -3.049828805707751039e-03 6.388391451957062261e-03 -9.616820428509783095e-03 -3.665859976842922568e-03 4.955572579330935062e-02 -2.839373206245334250e-02 -1.197718532646657426e-03 1.892949760557460781e-02 -1.631957544122131926e-02 -9.350994852771055002e-04 -2.221950656617239020e-02 -9.412921362720507584e-03 -1.247410560241705296e-02 -4.865922705624066728e-04 3.586405820169395048e-02 3.126974962878832642e-02 -1.405694068794091471e-02 -1.046124987985555879e-02 -1.328889028389323643e-02 -8.378733039183922787e-03 -6.849681297075258532e-04 -2.507201579877717484e-04
-1.775114707917800055e-06 -1.740022623093110979e-05 1.337162641346745326e-04 1.725366640572112455e-06 -9.227222533269660601e-07 -1.302807612320612000e-07 6.149676081607293864e-05 -5.167453028822067013e-05 2.345166460164507243e-06 -3.580940924114231223e-04 -3.378013061963005062e-04 -4.616948905412722503e-04 -3.318094062654778639e-05 1.596630819364634930e-04 -2.765522643493462876e-06 4.932244294331140341e-05 5.782334831860319008e-06 -2.627369197226131962e-06 -2.410941074525500783e-04 1.930846519468776580e-05 1.094483717633120562e-04 4.516137745110945963e-04 -4.880806371781556182e-04 -1.118376389188576603e-05 1.692532039548584957e-04 -2.724488038151392372e-04 -4.630884278948483705e-06 -1.992593315826277805e-04 -9.881447273737369431e-05 -1.953626433178887645e-04 -9.731895925632746622e-05 4.603869933827023429e-04 3.617999076783453508e-04 -1.735215305773724504e-04 -1.469444888531155479e-04 -1.727021324918567608e-04 -1.473517584656099176e-04 -4.427247450313387483e-06 2.023647105651453542e-06
1.518410285916949883e-06 1.530988502112441848e-05 -1.021368746915778071e-04 -9.227222533269660601e-07 1.668677102782810439e-06 1.506669072742185038e-06 -5.313700869009821816e-05 2.032825928858011574e-09 -3.883685908129282360e-05 3.039747459196827243e-04 2.957420306667557985e-04 2.935056373282194991e-04 3.647698651367092641e-04 2.611150409717449545e-04 4.101172200291874057e-04 6.764833076861850912e-05 1.253706239068133935e-04 1.460117756236690057e-04 -1.115448344530414293e-04 1.871783445107804474e-04 2.231506467312735725e-04 -6.242395207860843530e-04 -6.606698326100625670e-06 6.014969284381548503e-05 -2.763655396698459625e-04 -2.976071709312792273e-05 5.378231271403450495e-05 2.230314767260227254e-04 1.359802588003057935e-04 -2.672034687046658278e-04 -3.179578233493508886e-04 -2.722762873096181606e-04 -2.756706589933218747e-04 4.931675547017812830e-05 4.653261187283937037e-05 5.295303793996293827e-05 -3.256372557027151454e-05 1.360605896244494731e-05 2.102780618700577779e-05
8.025018834496615161e-07 8.565371574372884008e-06 -4.059571572750529151e-05 -1.302807612320612000e-07 1.506669072742185038e-06 2.685205536395394028e-06 -1.318421356700938311e-05 -2.589766999358180335e-05 -7.848840809694439204e-05 7.720692464198613875e-05 3.513189538763032482e-05 -6.070330300286328838e-06 1.772111797802104749e-04 2.165232790979916663e-04 9.610856539692551369e-04 4.589508635749670854e-05 8.028486099076092479e-05 3.373588059257433551e-04 -1.045142128492896624e-04 1.270189647845406788e-04 1.817812596967390752e-04 -2.524365978662022718e-04 -5.453967402978973997e-05 7.108709007396616796e-05 -1.218993084630866499e-04 -5.305674904917499627e-05 9.271198948030273397e-05 4.939139051087624742e-04 4.585523154342894571e-04 -6.694535770209292767e-04 -6.278531815676027979e-04 -6.647185504077339447e-05 -9.130387606290810642e-05 4.463283852066761675e-05 1.027123926332171327e-04 -8.926233006486383110e-06 -1.322525818779529325e-04 1.832672259533410381e-05 3.793174834318944512e-05
-8.676878228521446460e-05 -8.657509712745782180e-04 6.396240663820405847e-03 6.149676081607293864e-05 -5.313700869009821816e-05 -1.318421356700938311e-05 3.298076797629877557e-03 -1.627032378505262116e-03 1.779830410101280937e-04 1.300117657027118588e-02 -1.953957668916564416e-02 -2.453171923533567847e-02 -1.324686369555797515e-02 -2.529334468947910287e-03 9.275327743431691302e-04 -1.287399690891866556e-03 -3.066045809964633873e-03 1.605340500574192471e-04 4.357236656093247014e-03 -6.876374827022724810e-03 -5.302270565531881294e-03 2.937925938360287995e-02 -9.160785180622762688e-03 1.391136096103396465e-04 1.191293758536369693e-02 -4.828213762964242602e-03 2.180440132851983010e-04 -5.193316074391086945e-03 6.178633600214871943e-04 -6.341242164257356387e-03 -5.035786549543000727e-04 1.758268236093109976e-02 1.607137862595892780e-02 -5.726340151612875802e-03 -3.359199939776410550e-03 -5.236521286770261241e-03 -3.205167531681003563e-03 -3.160958163636701473e-04 -8.222115904207316932e-05
5.190329155543410680e-05 5.067361207150149508e-04 -4.090584663218578554e-03 -5.167453028822067013e-05 2.032825928858011574e-09 -2.589766999358180335e-05 -1.627032378505262116e-03 2.694391830994921719e-03 6.172879386101844763e-04 -9.644634599294434410e-03 1.408638489374875249e-02 2.136773367829632175e-02 -6.575918366613867777e-03 -1.941165107143108526e-02 -6.462553176176850239e-03 -3.372486943674191367e-03 -5.559471663456445889e-03 -2.260468113571893495e-03 2.223797012985891022e-03 -3.888480921103073737e-03 -9.918050152932308614e-03 -1.864640155137101173e-03 1.850859698814307647e-02 -5.979347377582165494e-04 1.235435591990735084e-03 1.221989098880032001e-02 -7.115707460991973089e-04 9.998950341322282442e-03 4.925332633033191986e-03 1.758862853002187907e-02 1.203748965167119114e-02 -1.041928832016634360e-02 -6.891313854915035939e-03 6.013454783505465043e-03 4.997987922875135429e-03 5.911038152728192475e-03 6.295236308676763030e-03 -8.595485057584633932e-05 -5.942136260768834900e-04
-2.045036540717464749e-05 -2.204455361885404477e-04 9.744990749830466630e-04 2.345166460164507243e-06 -3.883685908129282360e-05 -7.848840809694439204e-05 1.779830410101280937e-04 6.172879386101844763e-04 2.359281527359007990e-03 -2.445386599184514093e-04 -7.611024950683123458e-04 -1.563731830967826240e-04 -2.643138321476027394e-03 -2.986024305265665060e-03 -2.961676079429963540e-02 -8.458906754657848342e-04 -1.070402978360735771e-03 -1.040449741121011670e-02 1.382766572631193664e-03 -1.794430128799945389e-03 -2.590481478150538641e-03 3.846197499922359569e-03 8.058914263478080637e-04 -1.064060306705634550e-03 1.821140276973276300e-03 6.969642422166912607e-04 -2.274699958302070328e-03 -1.685412063486116385e-02 -1.565705641441391197e-02 1.919371112309232325e-02 1.812445359053450888e-02 1.060667329781988990e-03 1.379244345788394619e-03 -1.653773358333009841e-03 -3.795136833444958183e-03 1.190430078407023629e-03 4.382452047096176140e-03 -5.174892897569020574e-04 -1.081894605368117308e-03
-3.336013239829086906e-04 -3.932412037166314010e-03 2.754511840084220703e-02 -3.580940924114231223e-04 3.039747459196827243e-04 7.720692464198613875e-05 1.300117657027118588e-02 -9.644634599294434410e-03 -2.445386599184514093e-04 2.052586282486797753e+00 -6.198039761524522240e-02 -2.109326226612932287e-01 -4.785302285554097340e-02 4.246272028589655884e-02 3.109371195745591382e-04 -2.132558957290136767e-02 1.246500084009906535e-02 -2.111894013180102365e-04 1.239182126387102303e-02 -2.520218091816264425e-02 1.639508170388003644e-02 6.251015265436697665e-02 3.278571399060518227e-02 -1.076401675211776949e-04 1.043271932197878914e-02 -4.386412396368111308e-04 2.590986123567629853e-04 -6.049160244528625774e-02 -4.861009355082126365e-03 -6.030604429886469303e-02 -5.006156427500215236e-03 1.556228170430535955e-02 1.827636138829733664e-02 3.915885649693472657e-03 6.561010179021212717e-03 4.065458347803429379e-03 6.103245109016122716e-03 -7.147943728457064987e-04 1.763497303474057020e-03
5.480414078951235815e-04 5.438722860159583318e-03 -3.957400340989900706e-02 -3.378013061963005062e-04 2.957420306667557985e-04 3.513189538763032482e-05 -1.953957668916564416e-02 1.408638489374875249e-02 -7.611024950683123458e-04 -6.198039761524522240e-02 2.377795626020347830e-01 2.751957208482777029e-01 1.087169383331889200e-01 -8.326495110821278967e-02 4.662044876688687311e-04 2.628199492745617386e-02 -1.886185935543021816e-02 9.334923223958829525e-04 -2.540547458275863035e-02 4.186280965306637264e-02 3.848053513107642896e-03 -1.166772162567908805e-01 -7.205256723904097937e-02 3.524646475984510798e-04 -3.575772147931634282e-02 -1.715668949097872917e-02 -2.442108786225042553e-04 1.075783701929711872e-01 2.805228895848123349e-02 1.062724564678206585e-01 2.738037839381609814e-02 -2.616267274794997766e-02 -2.932958326178120370e-02 -1.347891159223168350e-02 -1.482118247511552897e-02 -1.343690734707211898e-02 -1.447215710261181426e-02 1.634378214942736702e-03 -9.287756357699144269e-04
6.996931369995742665e-04 6.957932571154607990e-03 -5.203113667582846824e-02 -4.616948905412722503e-04 2.935056373282194991e-04 -6.070330300286328838e-06 -2.453171923533567847e-02 2.136773367829632175e-02 -1.563731830967826240e-04 -2.109326226612932287e-01 2.751957208482777029e-01 3.459837743091905837e-01 9.364304634227037238e-02 -1.347101992230900491e-01 -2.837226491274322422e-03 2.122050884326667081e-02 -3.158854685895177983e-02 -2.142849015788699343e-04 1.527717801963105609e-02 -2.516229147475053038e-03 -6.131348882813425494e-02 -1.423563921684861400e-01 -3.257028821177738315e-02 1.538299099342518150e-05 -4.135984664433933755e-02 1.160045552464337298e-02 -6.801791023089281962e-04 1.438884223142248564e-01 4.747489049964084135e-02 1.459609166122611823e-01 5.006174276040256665e-02 -7.360486574635628776e-02 -5.617526687140499131e-02 -1.339309358438555211e-02 -5.714075664929903556e-03 -1.420649512407762272e-02 -5.120828089514255395e-03 1.621691199094461161e-03 -2.135967676646777572e-03
2.576591785000675720e-04 2.633369471900198159e-03 -1.716072014690559963e-02 -3.318094062654778639e-05 3.647698651367092641e-04 1.772111797802104749e-04 -1.324686369555797515e-02 -6.575918366613867777e-03 -2.643138321476027394e-03 -4.785302285554097340e-02 1.087169383331889200e-01 9.364304634227037238e-02 1.846517834662537993e-01 1.333749669766196022e-01 4.518402408879373749e-04 5.068453917988573892e-02 5.258031040880904727e-02 1.443014402192717774e-03 -4.872397319929689524e-02 9.141860925425356055e-02 1.132889342473408084e-01 -1.935241636201822379e-01 -1.597670549903429105e-01 5.104670171897398288e-05 -8.901509880376599904e-02 -9.363996444333566593e-02 -4.719369147830769278e-04 -3.078578320768405110e-02 -5.893090295674325435e-02 -2.958849295122440576e-02 -5.755124752474909816e-02 -9.141980589767235987e-03 -3.442565355968411900e-02 -3.393733302157776049e-02 -4.185988069222079666e-02 -3.353589019521571735e-02 -4.190766878084187935e-02 2.398220239878139006e-03 3.237586079297007525e-03
-7.617145412934900708e-05 -6.700588672359773269e-04 7.094078655426549161e-03 1.596630819364634930e-04 2.611150409717449545e-04 2.165232790979916663e-04 -2.529334468947910287e-03 -1.941165107143108526e-02 -2.986024305265665060e-03 4.246272028589655884e-02 -8.326495110821278967e-02 -1.347101992230900491e-01 1.333749669766196022e-01 2.588530914330484656e-01 3.757603791587147947e-05 3.373302167263495660e-02 9.175044400629833730e-02 1.094792891268214427e-03 -4.383132095276255635e-02 8.438150964575162616e-02 1.498449035272761409e-01 -1.756800987610149523e-01 -8.397482526630534183e-02 2.008505038280754545e-04 -9.689714919708325436e-02 -7.914857968686107859e-02 -2.453207966726503645e-04 -1.421656404074144453e-01 -1.015310568463118901e-01 -1.391405827096526548e-01 -9.880500680799578217e-02 -2.614529984625135056e-02 -4.997303453640547510e-02 -8.462553176865318660e-03 -2.361145643359754964e-02 -8.679551994185172314e-03 -2.445989118612193480e-02 1.911856953071516861e-03 5.249455399720509390e-03
1.967790923177608654e-04 2.161268249223261429e-03 -8.030522288892437757e-03 -2.765522643493462876e-06 4.101172200291874057e-04 9.610856539692551369e-04 9.275327743431691302e-04 -6.462553176176850239e-03 -2.961676079429963540e-02 3.109371195745591382e-04 4.662044876688687311e-04 -2.837226491274322422e-03 4.518402408879373749e-04 3.757603791587147947e-05 3.801201427680814815e-01 4.015222242326464165e-03 -1.392223469482096587e-03 1.334374064586768827e-01 -3.089840945071411485e-04 2.985851831180377975e-04 2.270467916750994533e-03 -9.492369289080182168e-04 -7.017803727594439100e-04 6.931122962276376268e-03 -3.251882496416706888e-04 7.886440963230733443e-04 2.578667994655118798e-02 2.308427448611366783e-01 2.162936790300117873e-01 -2.331941625004592122e-01 -2.192971293845069058e-01 3.971576080539735787e-04 4.393317417284663519e-04 2.150722684533316192e-02 5.319398218225515618e-02 -2.192904795572845483e-02 -5.718451132854166646e-02 6.069810759244728855e-03 1.299721367134850161e-02
2.785137424704843687e-06 4.895065453518078599e-05 1.693629301221630961e-04 4.932244294331140341e-05 6.764833076861850912e-05 4.589508635749670854e-05 -1.287399690891866556e-03 -3.372486943674191367e-03 -8.458906754657848342e-04 -2.132558957290136767e-02 2.628199492745617386e-02 2.122050884326667081e-02 5.068453917988573892e-02 3.373302167263495660e-02 4.015222242326464165e-03 1.841245666943825202e-02 1.239431240382514454e-02 1.660242468572060417e-03 3.875943446434636837e-03 6.097059056051688623e-03 1.087076273197378276e-02 -3.951416293715222933e-02 -7.594944435504089042e-02 2.531497770269545912e-04 -1.902367062600780409e-02 -4.101017570955595853e-02 2.885453676095370182e-04 -7.433285100612042548e-03 -1.537574220008800126e-02 -1.183979566534756021e-02 -1.944661394536879515e-02 1.093819838916954869e-02 5.776389662539194343e-03 -2.834402298467391876e-02 -2.219482568693786559e-02 -2.785698275449516662e-02 -2.273163602109281103e-02 4.875516924178181994e-04 9.270021223563805739e-04
2.801189738986648083e-05 3.050540350029498356e-04 -1.803420714403495368e-03 5.782334831860319008e-06 1.253706239068133935e-04 8.028486099076092479e-05 -3.066045809964633873e-03 -5.559471663456445889e-03 -1.070402978360735771e-03 1.246500084009906535e-02 -1.886185935543021816e-02 -3.158854685895177983e-02 5.258031040880904727e-02 9.175044400629833730e-02 -1.392223469482096587e-03 1.239431240382514454e-02 3.471039461791561309e-02 -1.838209497662452473e-06 -5.848466848711155255e-03 2.100474927256210794e-02 4.188267261170832562e-02 -8.595106104627128762e-02 -2.075776269718267522e-02 -2.964676636567295802e-04 -4.423138229570720836e-02 -2.309873673224554017e-02 -4.170167198299712711e-04 -4.716090105948002320e-02 -3.605115010397713649e-02 -4.441916820491982609e-02 -3.351713537890867178e-02 -2.919612375632077081e-02 -3.198780751912846249e-02 -2.774556694622186664e-03 -6.352806461708796967e-03 -3.459320989422475044e-03 -6.810631591485627988e-03 8.357139870548163261e-04 1.829989851212186639e-03
7.215027359827387067e-05 7.890203179629995487e-04 -3.049828805707751039e-03 -2.627369197226131962e-06 1.460117756236690057e-04 3.373588059257433551e-04 1.605340500574192471e-04 -2.260468113571893495e-03 -1.040449741121011670e-02 -2.111894013180102365e-04 9.334923223958829525e-04 -2.142849015788699343e-04 1.443014402192717774e-03 1.094792891268214427e-03 1.334374064586768827e-01 1.660242468572060417e-03 -1.838209497662452473e-06 4.721428788283359157e-02 -6.698804481209402880e-04 8.025230400526814139e-04 1.663679305134690240e-03 -2.355024291902163731e-03 -5.034087244625912649e-04 -9.644573829270534221e-03 -1.037650143281465239e-03 2.852742044795911910e-05 2.692545426177650643e-03 8.162695922014928662e-02 7.691035881799114515e-02 -8.290180809137437379e-02 -7.877066737388414841e-02 -4.698535034610511717e-04 -5.410653202456566779e-04 1.414084093945330682e-02 2.376550744885006297e-02 -1.421078431747697587e-02 -2.534486341765951681e-02 2.157965815617972002e-03 4.529086094144214002e-03
-1.719187312998452682e-04 -1.950038375367956845e-03 6.388391451957062261e-03 -2.410941074525500783e-04 -1.115448344530414293e-04 -1.045142128492896624e-04 4.357236656093247014e-03 2.223797012985891022e-03 1.382766572631193664e-03 1.239182126387102303e-02 -2.540547458275863035e-02 1.527717801963105609e-02 -4.872397319929689524e-02 -4.383132095276255635e-02 -3.089840945071411485e-04 3.875943446434636837e-03 -5.848466848711155255e-03 -6.698804481209402880e-04 2.061828023826623113e+00 -7.866667770812338367e-02 -2.296139476895594778e-01 1.267842022997120628e-03 6.233149216271140648e-04 1.609026185794770275e-05 3.009609166648998749e-03 8.495125636037794553e-03 2.560355604714230132e-04 1.211587771734777726e-02 1.552980491770968030e-02 1.193232813477006216e-02 1.527633769391794662e-02 -5.444532222039020347e-02 2.338712634168829598e-03 -5.307313604428908621e-02 -6.561827650303946654e-04 -5.305238852645752234e-02 -4.766408953100033982e-04 -1.427323091570537701e-03 -1.304733539838563586e-03
1.927613764749412076e-04 2.000876390234860008e-03 -9.616820428509783095e-03 1.930846519468776580e-05 1.871783445107804474e-04 1.270189647845406788e-04 -6.876374827022724810e-03 -3.888480921103073737e-03 -1.794430128799945389e-03 -2.520218091816264425e-02 4.186280965306637264e-02 -2.516229147475053038e-03 9.141860925425356055e-02 8.438150964575162616e-02 2.985851831180377975e-04 6.097059056051688623e-03 2.100474927256210794e-02 8.025230400526814139e-04 -7.866667770812338367e-02 2.869165330920307455e-01 3.109392986519493030e-01 -5.279623409001096661e-03 -3.313970054812189793e-04 -9.391862477111757662e-05 -2.151982424173940964e-03 -1.344380442964642625e-02 -3.543367728807474831e-04 -2.568130996545364697e-02 -2.921942557463545753e-02 -2.509055433582532690e-02 -2.860488538693724617e-02 9.833929337904839807e-02 1.457907035133064640e-02 9.855171392981745826e-02 2.281496864581391421e-02 9.839336033101699075e-02 2.241985498716332625e-02 1.596786890673066546e-03 2.234745243500529423e-03
1.236964155690349566e-04 1.344304519433142274e-03 -3.665859976842922568e-03 1.094483717633120562e-04 2.231506467312735725e-04 1.817812596967390752e-04 -5.302270565531881294e-03 -9.918050152932308614e-03 -2.590481478150538641e-03 1.639508170388003644e-02 3.848053513107642896e-03 -6.131348882813425494e-02 1.132889342473408084e-01 1.498449035272761409e-01 2.270467916750994533e-03 1.087076273197378276e-02 4.188267261170832562e-02 1.663679305134690240e-03 -2.296139476895594778e-01 3.109392986519493030e-01 3.635248684298097999e-01 -2.489275504051335561e-02 -1.678487089018535633e-02 2.240058622448745608e-04 -1.672724989389457254e-02 -3.200217343088496841e-02 -1.087961290760747457e-04 -6.609422036354613283e-02 -5.349479335022151727e-02 -6.711182740398700941e-02 -5.443921107756502509e-02 1.064840541788450723e-01 1.166745844512894793e-02 1.012316324593868222e-01 1.818698645441809564e-02 1.012477988423942099e-01 1.733084314610488022e-02 1.942977373191856353e-03 3.610934402235580019e-03
-6.637888702821771693e-04 -6.653153082430650171e-03 4.955572579330935062e-02 4.516137745110945963e-04 -6.242395207860843530e-04 -2.524365978662022718e-04 2.937925938360287995e-02 -1.864640155137101173e-03 3.846197499922359569e-03 6.251015265436697665e-02 -1.166772162567908805e-01 -1.423563921684861400e-01 -1.935241636201822379e-01 -1.756800987610149523e-01 -9.492369289080182168e-04 -3.951416293715222933e-02 -8.595106104627128762e-02 -2.355024291902163731e-03 1.267842022997120628e-03 -5.279623409001096661e-03 -2.489275504051335561e-02 3.993686477796805634e-01 4.057946341225297793e-03 1.367221132922337857e-04 1.804224782086785717e-01 2.050899516752184570e-02 9.783760695381644914e-04 3.578975520540580990e-02 6.347020547734064100e-02 3.483925345527729561e-02 6.218015639076932694e-02 2.134392623831781466e-01 1.832145703541075976e-01 5.576542035377592653e-03 2.746344784751054893e-03 1.004221374685746945e-02 6.447364159893267596e-03 -3.822781387895881570e-03 -4.015831505141192852e-03
3.629740751163629026e-04 3.552656313258791693e-03 -2.839373206245334250e-02 -4.880806371781556182e-04 -6.606698326100625670e-06 -5.453967402978973997e-05 -9.160785180622762688e-03 1.850859698814307647e-02 8.058914263478080637e-04 3.278571399060518227e-02 -7.205256723904097937e-02 -3.257028821177738315e-02 -1.597670549903429105e-01 -8.397482526630534183e-02 -7.017803727594439100e-04 -7.594944435504089042e-02 -2.075776269718267522e-02 -5.034087244625912649e-04 6.233149216271140648e-04 -3.313970054812189793e-04 -1.678487089018535633e-02 4.057946341225297793e-03 3.990025178982935516e-01 -3.336201848880793414e-05 8.723022336172260582e-03 2.056771631222404084e-01 -1.701290254748341396e-04 3.367012252006959527e-02 5.842708932726883159e-02 3.317464317320186623e-02 5.793900325142394697e-02 -1.573858907681915109e-01 -1.225592979253505160e-01 1.571300765949449063e-01 1.206823168135400942e-01 1.510734777742875901e-01 1.166701714956313446e-01 -1.521091263443922136e-04 -2.033184713821939871e-03
2.410447231912223051e-05 2.675486094839350489e-04 -1.197718532646657426e-03 -1.118376389188576603e-05 6.014969284381548503e-05 7.108709007396616796e-05 1.391136096103396465e-04 -5.979347377582165494e-04 -1.064060306705634550e-03 -1.076401675211776949e-04 3.524646475984510798e-04 1.538299099342518150e-05 5.104670171897398288e-05 2.008505038280754545e-04 6.931122962276376268e-03 2.531497770269545912e-04 -2.964676636567295802e-04 -9.644573829270534221e-03 1.609026185794770275e-05 -9.391862477111757662e-05 2.240058622448745608e-04 1.367221132922337857e-04 -3.336201848880793414e-05 4.048277611792490127e-01 4.208919311177305046e-04 -3.763566890494880670e-05 2.133825669308176687e-01 -2.331845199143772404e-02 -4.268581117031623046e-02 2.339266307885334156e-02 4.272751950341018706e-02 -4.532831336534328369e-03 -3.946619382357884238e-03 -2.166769619552441350e-01 -1.707770087898851930e-01 2.210294273420557176e-01 1.739752585665789997e-01 -2.594056693811866296e-05 2.221807202774911567e-03
-2.536424667986300185e-04 -2.547395627656149752e-03 1.892949760557460781e-02 1.692532039548584957e-04 -2.763655396698459625e-04 -1.218993084630866499e-04 1.191293758536369693e-02 1.235435591990735084e-03 1.821140276973276300e-03 1.043271932197878914e-02 -3.575772147931634282e-02 -4.135984664433933755e-02 -8.901509880376599904e-02 -9.689714919708325436e-02 -3.251882496416706888e-04 -1.902367062600780409e-02 -4.423138229570720836e-02 -1.037650143281465239e-03 3.009609166648998749e-03 -2.151982424173940964e-03 -1.672724989389457254e-02 1.804224782086785717e-01 8.723022336172260582e-03 4.208919311177305046e-04 8.352141667778109624e-02 1.559265167538253366e-02 6.191241663422833484e-04 2.962016242795465631e-02 3.573069956449340806e-02 2.891074533547192613e-02 3.496038647470187111e-02 9.306040869585138764e-02 8.061093588013849842e-02 5.320592674348548212e-03 3.652319668189594592e-03 7.591137575683322598e-03 5.571650468788366672e-03 -1.700900240542133936e-03 -2.129557180757402340e-03
2.073332748282426849e-04 2.024018999631914395e-03 -1.631957544122131926e-02 -2.724488038151392372e-04 -2.976071709312792273e-05 -5.305674904917499627e-05 -4.828213762964242602e-03 1.221989098880032001e-02 6.969642422166912607e-04 -4.386412396368111308e-04 -1.715668949097872917e-02 1.160045552464337298e-02 -9.363996444333566593e-02 -7.914857968686107859e-02 7.886440963230733443e-04 -4.101017570955595853e-02 -2.309873673224554017e-02 2.852742044795911910e-05 8.495125636037794553e-03 -1.344380442964642625e-02 -3.200217343088496841e-02 2.050899516752184570e-02 2.056771631222404084e-01 -3.763566890494880670e-05 1.559265167538253366e-02 1.115967001346028636e-01 4.217325513195939004e-06 3.997338511506259157e-02 4.403985982183689085e-02 3.790028444465542296e-02 4.211342697345995395e-02 -7.683477570902758069e-02 -5.546194573825638519e-02 7.706755310431503969e-02 6.209420574838415280e-02 7.394038953614223697e-02 5.988423382038191023e-02 -2.682745275415254782e-04 -1.715871467819327437e-03
2.189118333101419577e-05 2.440444851379622564e-04 -9.350994852771055002e-04 -4.630884278948483705e-06 5.378231271403450495e-05 9.271198948030273397e-05 2.180440132851983010e-04 -7.115707460991973089e-04 -2.274699958302070328e-03 2.590986123567629853e-04 -2.442108786225042553e-04 -6.801791023089281962e-04 -4.719369147830769278e-04 -2.453207966726503645e-04 2.578667994655118798e-02 2.885453676095370182e-04 -4.170167198299712711e-04 2.692545426177650643e-03 2.560355604714230132e-04 -3.543367728807474831e-04 -1.087961290760747457e-04 9.783760695381644914e-04 -1.701290254748341396e-04 2.133825669308176687e-01 6.191241663422833484e-04 4.217325513195939004e-06 1.137648168701385493e-01 1.175461160572999599e-03 -9.741604084448988662e-03 -1.282199662578496118e-03 9.817595318195320928e-03 -1.904972668357876858e-03 -1.589067795817086706e-03 -1.128852653547232493e-01 -8.680458845356425757e-02 1.148730543034044982e-01 8.814872074349039410e-02 3.287807803473180471e-04 1.916908124382750130e-03
3.468259115385076939e-04 3.534076475443067872e-03 -2.221950656617239020e-02 -1.992593315826277805e-04 2.230314767260227254e-04 4.939139051087624742e-04 -5.193316074391086945e-03 9.998950341322282442e-03 -1.685412063486116385e-02 -6.049160244528625774e-02 1.075783701929711872e-01 1.438884223142248564e-01 -3.078578320768405110e-02 -1.421656404074144453e-01 2.308427448611366783e-01 -7.433285100612042548e-03 -4.716090105948002320e-02 8.162695922014928662e-02 1.211587771734777726e-02 -2.568130996545364697e-02 -6.609422036354613283e-02 3.578975520540580990e-02 3.367012252006959527e-02 -2.331845199143772404e-02 2.962016242795465631e-02 3.997338511506259157e-02 1.175461160572999599e-03 2.393403025498266889e-01 1.899848941890854293e-01 -4.784698429763385025e-02 -8.220073704177861817e-02 -7.039651682886417620e-03 5.046706244989999403e-03 3.438482609023597869e-02 5.550148738308663399e-02 -2.206939869865326767e-02 -3.485654452088533112e-02 3.387600060223753661e-03 5.077920740065662054e-03
1.685788171878449375e-04 1.751331212293623721e-03 -9.412921362720507584e-03 -9.881447273737369431e-05 1.359802588003057935e-04 4.585523154342894571e-04 6.178633600214871943e-04 4.925332633033191986e-03 -1.565705641441391197e-02 -4.861009355082126365e-03 2.805228895848123349e-02 4.747489049964084135e-02 -5.893090295674325435e-02 -1.015310568463118901e-01 2.162936790300117873e-01 -1.537574220008800126e-02 -3.605115010397713649e-02 7.691035881799114515e-02 1.552980491770968030e-02 -2.921942557463545753e-02 -5.349479335022151727e-02 6.347020547734064100e-02 5.842708932726883159e-02 -4.268581117031623046e-02 3.573069956449340806e-02 4.403985982183689085e-02 -9.741604084448988662e-03 1.899848941890854293e-01 1.701381172533950048e-01 -8.163300879468807225e-02 -8.956634393018350626e-02 -5.959441673178239281e-04 1.020031012794602072e-02 5.190150813596251800e-02 6.733321805849738773e-02 -2.361827571852645469e-02 -3.535674588577351896e-02 2.776749114726040097e-03 5.100718009461455670e-03
1.084986293397621922e-04 9.188087720201974611e-04 -1.247410560241705296e-02 -1.953626433178887645e-04 -2.672034687046658278e-04 -6.694535770209292767e-04 -6.341242164257356387e-03 1.758862853002187907e-02 1.919371112309232325e-02 -6.030604429886469303e-02 1.062724564678206585e-01 1.459609166122611823e-01 -2.958849295122440576e-02 -1.391405827096526548e-01 -2.331941625004592122e-01 -1.183979566534756021e-02 -4.441916820491982609e-02 -8.290180809137437379e-02 1.193232813477006216e-02 -2.509055433582532690e-02 -6.711182740398700941e-02 3.483925345527729561e-02 3.317464317320186623e-02 2.339266307885334156e-02 2.891074533547192613e-02 3.790028444465542296e-02 -1.282199662578496118e-03 -4.784698429763385025e-02 -8.163300879468807225e-02 2.390029685821981331e-01 1.906946495464511282e-01 -8.352636440721671052e-03 3.465037478908899321e-03 -2.171102359208762142e-02 -3.323577374754766584e-02 3.463982354768661148e-02 5.841793289499198905e-02 -4.017578063936344014e-03 -1.045563375560448587e-02
-5.148380114356498915e-05 -6.647675133252371618e-04 -4.865922705624066728e-04 -9.731895925632746622e-05 -3.179578233493508886e-04 -6.278531815676027979e-04 -5.035786549543000727e-04 1.203748965167119114e-02 1.812445359053450888e-02 -5.006156427500215236e-03 2.738037839381609814e-02 5.006174276040256665e-02 -5.755124752474909816e-02 -9.880500680799578217e-02 -2.192971293845069058e-01 -1.944661394536879515e-02 -3.351713537890867178e-02 -7.877066737388414841e-02 1.527633769391794662e-02 -2.860488538693724617e-02 -5.443921107756502509e-02 6.218015639076932694e-02 5.793900325142394697e-02 4.272751950341018706e-02 3.496038647470187111e-02 4.211342697345995395e-02 9.817595318195320928e-03 -8.220073704177861817e-02 -8.956634393018350626e-02 1.906946495464511282e-01 1.714514469896848414e-01 -2.499221462015656457e-03 8.127917591923545029e-03 -2.303481000369127923e-02 -3.359783725889617378e-02 5.236783570864632364e-02 7.017919766325135533e-02 -4.183623542731841269e-03 -9.277968720347947243e-03
-4.501014101612751213e-04 -4.448078761947475007e-03 3.586405820169395048e-02 4.603869933827023429e-04 -2.722762873096181606e-04 -6.647185504077339447e-05 1.758268236093109976e-02 -1.041928832016634360e-02 1.060667329781988990e-03 1.556228170430535955e-02 -2.616267274794997766e-02 -7.360486574635628776e-02 -9.141980589767235987e-03 -2.614529984625135056e-02 3.971576080539735787e-04 1.093819838916954869e-02 -2.919612375632077081e-02 -4.698535034610511717e-04 -5.444532222039020347e-02 9.833929337904839807e-02 1.064840541788450723e-01 2.134392623831781466e-01 -1.573858907681915109e-01 -4.532831336534328369e-03 9.306040869585138764e-02 -7.683477570902758069e-02 -1.904972668357876858e-03 -7.039651682886417620e-03 -5.959441673178239281e-04 -8.352636440721671052e-03 -2.499221462015656457e-03 2.141251309672749514e-01 1.536033672333160793e-01 -2.228940484847202405e-02 -3.690912103928435661e-02 -2.253405074247709014e-02 -3.754203935516572249e-02 -1.439514701899692909e-03 -4.768437404274535768e-04
-4.097908025183728733e-04 -4.077400270796879833e-03 3.126974962878832642e-02 3.617999076783453508e-04 -2.756706589933218747e-04 -9.130387606290810642e-05 1.607137862595892780e-02 -6.891313854915035939e-03 1.379244345788394619e-03 1.827636138829733664e-02 -2.932958326178120370e-02 -5.617526687140499131e-02 -3.442565355968411900e-02 -4.997303453640547510e-02 4.393317417284663519e-04 5.776389662539194343e-03 -3.198780751912846249e-02 -5.410653202456566779e-04 2.338712634168829598e-03 1.457907035133064640e-02 1.166745844512894793e-02 1.832145703541075976e-01 -1.225592979253505160e-01 -3.946619382357884238e-03 8.061093588013849842e-02 -5.546194573825638519e-02 -1.589067795817086706e-03 5.046706244989999403e-03 1.020031012794602072e-02 3.465037478908899321e-03 8.127917591923545029e-03 1.536033672333160793e-01 1.239143676683434753e-01 -3.849682671019639263e-02 -3.320467186778143509e-02 -3.898720636671854090e-02 -3.390153806810618231e-02 -1.619161380690430389e-03 -1.087925835558895080e-03
2.060196632234239007e-04 2.055620172706503802e-03 -1.405694068794091471e-02 -1.735215305773724504e-04 4.931675547017812830e-05 4.463283852066761675e-05 -5.726340151612875802e-03 6.013454783505465043e-03 -1.653773358333009841e-03 3.915885649693472657e-03 -1.347891159223168350e-02 -1.339309358438555211e-02 -3.393733302157776049e-02 -8.462553176865318660e-03 2.150722684533316192e-02 -2.834402298467391876e-02 -2.774556694622186664e-03 1.414084093945330682e-02 -5.307313604428908621e-02 9.855171392981745826e-02 1.012316324593868222e-01 5.576542035377592653e-03 1.571300765949449063e-01 -2.166769619552441350e-01 5.320592674348548212e-03 7.706755310431503969e-02 -1.128852653547232493e-01 3.438482609023597869e-02 5.190150813596251800e-02 -2.171102359208762142e-02 -2.303481000369127923e-02 -2.228940484847202405e-02 -3.849682671019639263e-02 2.138929567326363357e-01 1.505605168437539887e-01 -2.611560049149190196e-02 -4.335556712524105127e-02 8.681938443857139783e-04 -4.399979015550977432e-04
1.496907142268079978e-04 1.494778379983670606e-03 -1.046124987985555879e-02 -1.469444888531155479e-04 4.653261187283937037e-05 1.027123926332171327e-04 -3.359199939776410550e-03 4.997987922875135429e-03 -3.795136833444958183e-03 6.561010179021212717e-03 -1.482118247511552897e-02 -5.714075664929903556e-03 -4.185988069222079666e-02 -2.361145643359754964e-02 5.319398218225515618e-02 -2.219482568693786559e-02 -6.352806461708796967e-03 2.376550744885006297e-02 -6.561827650303946654e-04 2.281496864581391421e-02 1.818698645441809564e-02 2.746344784751054893e-03 1.206823168135400942e-01 -1.707770087898851930e-01 3.652319668189594592e-03 6.209420574838415280e-02 -8.680458845356425757e-02 5.550148738308663399e-02 6.733321805849738773e-02 -3.323577374754766584e-02 -3.359783725889617378e-02 -3.690912103928435661e-02 -3.320467186778143509e-02 1.505605168437539887e-01 1.188332646892168720e-01 -4.344115318824696287e-02 -4.503364341126477738e-02 9.749967028637331447e-04 4.557496138844977906e-04
1.927840816558019010e-04 1.927111896282311188e-03 -1.328889028389323643e-02 -1.727021324918567608e-04 5.295303793996293827e-05 -8.926233006486383110e-06 -5.236521286770261241e-03 5.911038152728192475e-03 1.190430078407023629e-03 4.065458347803429379e-03 -1.343690734707211898e-02 -1.420649512407762272e-02 -3.353589019521571735e-02 -8.679551994185172314e-03 -2.192904795572845483e-02 -2.785698275449516662e-02 -3.459320989422475044e-03 -1.421078431747697587e-02 -5.305238852645752234e-02 9.839336033101699075e-02 1.012477988423942099e-01 1.004221374685746945e-02 1.510734777742875901e-01 2.210294273420557176e-01 7.591137575683322598e-03 7.394038953614223697e-02 1.148730543034044982e-01 -2.206939869865326767e-02 -2.361827571852645469e-02 3.463982354768661148e-02 5.236783570864632364e-02 -2.253405074247709014e-02 -3.898720636671854090e-02 -2.611560049149190196e-02 -4.344115318824696287e-02 2.140962843148499772e-01 1.510787739336871272e-01 -1.182064403068539514e-05 2.166360641153347360e-04
1.015513323139008613e-04 9.774790525190341084e-04 -8.378733039183922787e-03 -1.473517584656099176e-04 -3.256372557027151454e-05 -1.322525818779529325e-04 -3.205167531681003563e-03 6.295236308676763030e-03 4.382452047096176140e-03 6.103245109016122716e-03 -1.447215710261181426e-02 -5.120828089514255395e-03 -4.190766878084187935e-02 -2.445989118612193480e-02 -5.718451132854166646e-02 -2.273163602109281103e-02 -6.810631591485627988e-03 -2.534486341765951681e-02 -4.766408953100033982e-04 2.241985498716332625e-02 1.733084314610488022e-02 6.447364159893267596e-03 1.166701714956313446e-01 1.739752585665789997e-01 5.571650468788366672e-03 5.988423382038191023e-02 8.814872074349039410e-02 -3.485654452088533112e-02 -3.535674588577351896e-02 5.841793289499198905e-02 7.017919766325135533e-02 -3.754203935516572249e-02 -3.390153806810618231e-02 -4.335556712524105127e-02 -4.503364341126477738e-02 1.510787739336871272e-01 1.203466840803635862e-01 -9.352918016928287543e-04 -1.637822440903761350e-03
1.098565889388503209e-05 1.134667903466868874e-04 -6.849681297075258532e-04 -4.427247450313387483e-06 1.360605896244494731e-05 1.832672259533410381e-05 -3.160958163636701473e-04 -8.595485057584633932e-05 -5.174892897569020574e-04 -7.147943728457064987e-04 1.634378214942736702e-03 1.621691199094461161e-03 2.398220239878139006e-03 1.911856953071516861e-03 6.069810759244728855e-03 4.875516924178181994e-04 8.357139870548163261e-04 2.157965815617972002e-03 -1.427323091570537701e-03 1.596786890673066546e-03 1.942977373191856353e-03 -3.822781387895881570e-03 -1.521091263443922136e-04 -2.594056693811866296e-05 -1.700900240542133936e-03 -2.682745275415254782e-04 3.287807803473180471e-04 3.387600060223753661e-03 2.776749114726040097e-03 -4.017578063936344014e-03 -4.183623542731841269e-03 -1.439514701899692909e-03 -1.619161380690430389e-03 8.681938443857139783e-04 9.749967028637331447e-04 -1.182064403068539514e-05 -9.352918016928287543e-04 1.424656683800752839e-04 2.533493606564876828e-04
6.995331781225365558e-06 7.825215818078395068e-05 -2.507201579877717484e-04 2.023647105651453542e-06 2.102780618700577779e-05 3.793174834318944512e-05 -8.222115904207316932e-05 -5.942136260768834900e-04 -1.081894605368117308e-03 1.763497303474057020e-03 -9.287756357699144269e-04 -2.135967676646777572e-03 3.237586079297007525e-03 5.249455399720509390e-03 1.299721367134850161e-02 9.270021223563805739e-04 1.829989851212186639e-03 4.529086094144214002e-03 -1.304733539838563586e-03 2.234745243500529423e-03 3.610934402235580019e-03 -4.015831505141192852e-03 -2.033184713821939871e-03 2.221807202774911567e-03 -2.129557180757402340e-03 -1.715871467819327437e-03 1.916908124382750130e-03 5.077920740065662054e-03 5.100718009461455670e-03 -1.045563375560448587e-02 -9.277968720347947243e-03 -4.768437404274535768e-04 -1.087925835558895080e-03 -4.399979015550977432e-04 4.557496138844977906e-04 2.166360641153347360e-04 -1.637822440903761350e-03 2.533493606564876828e-04 5.640354866327723302e-04
