-3.323065070371097818e+01 -7.410610206822696888e+00 -5.402841367001899542e+00 -3.294409686622671446e-02 1.276932992649351672e-02 -1.792854282517170397e-02 -4.539413312035981210e-03 1.759418310796338324e-03 -2.470520832598098460e-03 -3.220366316781802842e-06 -2.556419505932532310e-01 -1.178898710640593039e+00 4.874102917404184998e-01 -3.753848112084858246e-01 -9.561339162018358227e-05 2.014543715917977984e+00 -1.551542776116160871e+00 -4.208920543767805523e-04 -1.579587402045131568e-17 -3.287978655966405646e-04 -1.337596150680617768e-01 1.315990226934694082e-03 -1.783929324833870105e-05 -1.382406420181998779e-07 4.853061608281412087e-01 -6.634597668138330143e-03 -4.984232530802954576e-05 -1.106865357708333069e-03 -3.465480355860294237e-01 -1.178538065118287089e-03 -3.524673887438583564e-01 -6.509971114657227638e-10 -6.819713761780052050e-03 -3.593335713200129561e-06 -7.289957518083067800e-02 -2.974823957732524111e-06 -6.922641596220577287e-02 -1.068048859554738383e+00 -2.196123678969655213e+00
-7.410610206822696888e+00 -1.010283678446946354e+01 -7.513730245968323729e+00 -2.133922993909797006e-01 7.859699338100177568e-02 -1.219866317830393398e-01 -1.190508794690545019e-01 3.663290098794440980e-02 -7.832504602642260949e-02 -2.077678004601354531e-02 -8.564797771268654047e-01 -2.119794228236044464e+00 1.202626961906978931e+00 -9.286151899848562596e-01 -3.648154170573176050e-03 3.151770415645981149e+00 -2.437543850956534364e+00 -1.509172880894981729e-02 -1.360295093479918927e-06 -9.087044699796230363e-03 -3.163272380706508291e-01 2.472944339893438231e-02 -2.135725950629532659e-04 -3.080432852186661678e-05 1.001433781903068088e+00 -1.012654537607830807e-02 -2.458231215290895746e-03 -2.411239353845547398e-02 -7.219504264357760048e-01 -2.489011466294838507e-02 -7.270428908701813686e-01 -2.131113451663495732e-06 -2.317023381108679683e-02 -5.771701728681193468e-04 -1.811832090563056941e-01 -5.166635315444341155e-04 -1.751324628303551068e-01 -2.286546114770169336e+00 -3.629355110208185575e+00
-5.402841367001899542e+00 -7.513730245968323729e+00 -7.365867903158679120e+00 -1.811107981070203543e-01 5.831221180020118577e-02 -1.154792474877874842e-01 -1.847648021664920204e-01 2.591352046765457717e-02 -1.655892274735654146e-01 -1.806688624683527034e-01 -1.502209618530564228e+00 -2.798926141229149955e+00 1.467129634367625002e+00 -1.137455099985993368e+00 -1.100049792122223709e-02 3.367116643804485498e+00 -2.621201211729252911e+00 -4.047319485770638214e-02 -6.064225866386286842e-03 -1.073324743905367529e-01 -6.124728138014253753e-01 1.721842995616878758e-01 -1.474769509040898315e-03 -5.845183971645074618e-04 1.523198591978466965e+00 -1.271336461888462367e-02 -9.267462834795152024e-03 -1.854997944300515456e-01 -1.171345432060603597e+00 -1.867850236336818237e-01 -1.167505355287175028e+00 -1.698159636842869321e-03 -7.958658809245267030e-02 -2.649488313811958207e-02 -3.872487065957296304e-01 -2.534951212236016133e-02 -3.823764585603857125e-01 -2.858698465217118567e+00 -4.373061978048437659e+00
-3.294409686622671446e-02 -2.133922993909797006e-01 -1.811107981070203543e-01 -8.689759834587807319e+00 8.627525618948639341e-02 -2.975991513436782119e-03 -3.855830394711468934e+00 5.774108223741458018e-02 -2.739297997980999835e-03 -3.921337179429204567e-02 -7.934942770883924856e-01 -8.614581969533793293e-01 8.512981314203705852e-01 -9.149265106449415708e-01 -3.247791282643413754e-03 3.748412203501064743e-01 -9.801467741120420962e-01 -4.982317312842711801e-03 -5.702603119767461218e-06 -1.689193456060546564e-02 -2.576028185466723852e-01 4.277646457680170378e-02 -4.122215681079990620e-04 -5.379939398912048743e-05 6.850995852649321982e-01 -5.982810254197640232e-03 -1.580323577747079142e-03 -2.276801785354028509e-02 -2.715542411759535035e-01 -2.352162347229419526e-02 -2.739441108945537273e-01 -6.185973787742092801e-06 -2.452040295022896166e-02 -1.205997529922187830e-03 -1.427829264801865894e-01 -1.087626689491951772e-03 -1.386878235048172869e-01 -1.212810495100956204e-01 -1.290695353710104021e-01
1.276932992649351672e-02 7.859699338100177568e-02 5.831221180020118577e-02 8.627525618948639341e-02 -8.668095261622880798e+00 -3.793859014872962010e-02 5.774108223741458018e-02 -3.847345689962359039e+00 -3.492116948970075407e-02 3.018757313697653308e-02 6.071028104998065222e-01 6.438572836318586790e-01 -9.067465064044318845e-01 3.653628614375714623e-01 1.513482017664466049e-03 -9.461180144641558876e-01 -1.669881187063562700e-01 -2.890880902610600597e-03 7.882433590563492422e-08 4.096520213861379106e-04 9.953465442197745316e-03 -1.179673881237917931e-03 -3.327173369467343982e-03 -6.303146812942437478e-06 -2.973570407239332566e-02 -1.356604626818041226e-01 -1.043813603018554567e-03 3.131606140464272825e-02 3.564595981859948193e-01 3.199284433108130765e-02 3.577350559325910284e-01 1.277845021388393421e-06 5.477365101135529303e-03 -3.109841555788736664e-04 -3.286616218336368273e-02 -2.683358192467260933e-04 -3.119272333600324812e-02 -1.218818858372191283e+00 -6.143084587336083979e-01
-1.792854282517170397e-02 -1.219866317830393398e-01 -1.154792474877874842e-01 -2.975991513436782119e-03 -3.793859014872962010e-02 -8.632252461387091458e+00 -2.739297997980999835e-03 -3.492116948970075407e-02 -3.831041836287202518e+00 -1.090697590657941668e-05 -5.559726232612161381e-03 -2.773041271357681858e-02 8.393002563761948684e-03 -7.450208647955878019e-03 -3.353223801512243973e-01 4.344330256009416164e-02 -4.017977052296612533e-02 -9.030638734848299709e-01 -2.233813167588836364e-10 -4.317655520974211493e-05 -4.371892523821697442e-03 1.334476651052291364e-04 -8.882134649089344039e-06 -3.267575412056651814e-03 1.463165514529966155e-02 -1.267104137614041273e-03 -1.337828251244345956e-01 -1.798759161036229265e-02 -2.093993301307788824e-01 1.867152824017886958e-02 1.971177076630069580e-01 3.069440250503808019e-08 -1.224024626994482255e-04 4.316618360420675115e-04 4.716228992514759355e-02 -3.988910993864558927e-04 -5.209719628663026653e-02 -1.867376156382198227e+00 -1.015644646551540520e+00
-4.539413312035981210e-03 -1.190508794690545019e-01 -1.847648021664920204e-01 -3.855830394711468934e+00 5.774108223741458018e-02 -2.739297997980999835e-03 -4.724792161417354031e+00 7.533184061214867611e-02 -6.434819390735979638e-03 -3.260372635452339352e-01 -1.701750359361549503e+00 -1.715184091820549206e+00 8.553823454340895305e-01 -1.296137826933994930e+00 -1.351819298780663516e-02 9.369822569832547687e-02 -1.489708684228691959e+00 -2.114919553186535642e-02 -2.350616201532089444e-02 -2.855909685323945180e-01 -8.335888602183387786e-01 4.003783450356747653e-01 -4.266652860553881745e-03 -1.583701004898631056e-03 1.536227040311425096e+00 -1.363486956737779490e-02 -1.018470119044331823e-02 -2.392466920855739199e-01 -7.019409265014465715e-01 -2.407758163071204993e-01 -7.009206240246638187e-01 -6.983326388304694592e-03 -1.550256689332079330e-01 -7.836779171612666406e-02 -5.271246391091867212e-01 -7.561514232928408241e-02 -5.225407312975623997e-01 -1.585682313070213567e-01 -1.915147014408897230e-01
1.759418310796338324e-03 3.663290098794440980e-02 2.591352046765457717e-02 5.774108223741458018e-02 -3.847345689962359039e+00 -3.492116948970075407e-02 7.533184061214867611e-02 -4.736741103529966246e+00 -8.203248377691213511e-02 2.509479084396052939e-01 1.302749173527546267e+00 1.284753935267231251e+00 -1.279060786759426138e+00 1.749642630326433412e-01 7.942931217315117587e-03 -1.426878585125172849e+00 -7.250081527855369856e-01 -3.004095113574832727e-03 3.258558735688285514e-04 4.883811549172337001e-03 2.193804890948761882e-02 -8.473448409812456283e-03 -6.174688299327967672e-02 -6.995402704425979093e-05 -5.241136715762145099e-02 -4.452014623093776824e-01 -3.864956679675332629e-03 3.329153510331037125e-01 9.380462736518102584e-01 3.311740047151819355e-01 9.326393216775598072e-01 1.433448399534689981e-03 3.282024544819858725e-02 -2.038396958606164197e-02 -1.297346732265441949e-01 -1.878312830392906210e-02 -1.262014389234837608e-01 -1.708036482200560258e+00 -1.176293908131628374e+00
-2.470520832598098460e-03 -7.832504602642260949e-02 -1.655892274735654146e-01 -2.739297997980999835e-03 -3.492116948970075407e-02 -3.831041836287202518e+00 -6.434819390735979638e-03 -8.203248377691213511e-02 -4.744879451173345863e+00 -1.545607454112824604e-04 -1.087154067422696144e-02 -5.120094287902747510e-02 1.078378758997300749e-02 -1.077017712695791177e-02 -8.190346384409574743e-01 6.826301129698594816e-02 -7.185364045551721757e-02 -1.849078391433595758e+00 -2.667557947003750354e-06 -6.101764095935236290e-04 -1.172387890074133923e-02 1.158347946741935825e-03 -1.077207664878797094e-04 -6.153869493624106179e-02 3.329012675986676995e-02 -4.463743400303793636e-03 -4.422931394327667687e-01 -1.936678161617679805e-01 -5.576231194487004661e-01 1.960879194316290375e-01 5.279085450162057658e-01 3.505985874207205794e-05 -1.832296368682816124e-04 2.812600774815008850e-02 1.795414310219165532e-01 -2.772550277705549543e-02 -1.983726970948468393e-01 -2.604431063832885584e+00 -1.883822181003949714e+00
-3.220366316781802842e-06 -2.077678004601354531e-02 -1.806688624683527034e-01 -3.921337179429204567e-02 3.018757313697653308e-02 -1.090697590657941668e-05 -3.260372635452339352e-01 2.509479084396052939e-01 -1.545607454112824604e-04 1.220873203615063218e+01 -2.123501247519339774e+00 -6.468365978667900418e-01 1.290860392347697172e-01 -1.014424005720094557e-01 -2.907424824409699828e-03 2.165361868462145623e-02 -1.701702621307821239e-02 -4.884293733358929844e-04 -1.239021998032414810e-05 -5.243209321901079467e-02 -1.890304147160232207e-01 9.229386061344692360e-02 5.950983574893171923e-02 -2.493975221697279526e-05 3.334246489633671540e-01 2.119965511239996769e-01 -1.294138331064250086e-04 -1.582425206601373313e-01 -3.393552525073985082e-01 -1.581557001599424306e-01 -3.392616457780810446e-01 -3.958827083045310911e-04 -5.554311162698312432e-02 -4.156855642170338813e-04 -5.771919720963383099e-02 -4.116235106165262335e-04 -5.755405905222196750e-02 -2.145474231228300908e-03 -9.504189124280074119e-02
-2.556419505932532310e-01 -8.564797771268654047e-01 -1.502209618530564228e+00 -7.934942770883924856e-01 6.071028104998065222e-01 -5.559726232612161381e-03 -1.701750359361549503e+00 1.302749173527546267e+00 -1.087154067422696144e-02 -2.123501247519339774e+00 -3.020369357993133441e+00 -2.865183920302486253e+00 8.622134041255966608e-01 -6.786913852617164622e-01 -2.101371267979549803e-02 5.714502626611421832e-01 -4.508474110929129308e-01 -1.539343742789524468e-02 -4.063826772265752979e-02 -4.322089083263918052e-01 -9.752964730360732526e-01 5.239781917342384299e-01 2.948198294733189173e-01 -1.507703450529528826e-03 1.519851643454611878e+00 7.878232705550822779e-01 -4.945706572926022830e-03 -8.192498481697724211e-01 -1.607290576171784835e+00 -8.119250064066938499e-01 -1.600477298394348047e+00 -2.954394128853532475e-02 -3.255981769903663614e-01 -3.393796302638715789e-02 -3.877196258414096208e-01 -3.393609255584904144e-02 -3.877513028736200296e-01 -1.513301460957977573e-01 -7.989524173136970386e-01
-1.178898710640593039e+00 -2.119794228236044464e+00 -2.798926141229149955e+00 -8.614581969533793293e-01 6.438572836318586790e-01 -2.773041271357681858e-02 -1.715184091820549206e+00 1.284753935267231251e+00 -5.120094287902747510e-02 -6.468365978667900418e-01 -2.865183920302486253e+00 -3.461409064094532084e+00 8.102933570826613696e-01 -6.388842400686779444e-01 -2.125924681060833987e-02 1.059040831615475575e+00 -8.409943682559899436e-01 -3.629920489808502460e-02 -1.096453437293413574e-01 -7.182591293185303094e-01 -1.428361631652674379e+00 5.693315584013691755e-01 2.615111701322310744e-01 -4.144338334180982381e-03 1.811899636183135431e+00 7.528189002359056969e-01 -1.400937174678093533e-02 -9.865470160039967462e-01 -2.131517004354435141e+00 -9.742656375352237719e-01 -2.113265224438236611e+00 -1.426085969609506288e-01 -5.895368916032690532e-01 -1.772067719091778848e-01 -7.428222074944172970e-01 -1.788229854150290565e-01 -7.476158616809341906e-01 -7.269268210925922125e-01 -1.718723077944696254e+00
4.874102917404184998e-01 1.202626961906978931e+00 1.467129634367625002e+00 8.512981314203705852e-01 -9.067465064044318845e-01 8.393002563761948684e-03 8.553823454340895305e-01 -1.279060786759426138e+00 1.078378758997300749e-02 1.290860392347697172e-01 8.622134041255966608e-01 8.102933570826613696e-01 -1.952890132762785447e+00 3.151826535625643078e-01 4.607951204306689509e-03 -1.966216477181363942e+00 2.711937272944504596e-01 5.061657195202325446e-03 -6.651579022471992841e-02 -4.276346378760184086e-01 -3.362585065251043615e-01 3.519897225220668391e-01 3.217694186979426774e-01 -1.484808203428797250e-03 -1.335570845993907241e-01 2.949234085661192606e-01 -9.354507753343249514e-04 1.296125285840560859e-01 4.220209607030857013e-01 1.279914932215167334e-01 4.201192596276099311e-01 -5.537692458030667869e-02 -2.530031820729027325e-01 -3.742973934124127489e-02 -1.301864078794566781e-01 -3.799299785499631044e-02 -1.335301835333768949e-01 1.784258780876888384e-01 6.096136554257700624e-01
-3.753848112084858246e-01 -9.286151899848562596e-01 -1.137455099985993368e+00 -9.149265106449415708e-01 3.653628614375714623e-01 -7.450208647955878019e-03 -1.296137826933994930e+00 1.749642630326433412e-01 -1.077017712695791177e-02 -1.014424005720094557e-01 -6.786913852617164622e-01 -6.388842400686779444e-01 3.151826535625643078e-01 -1.794673305688721188e+00 -5.970165076211539183e-03 2.711937272944504596e-01 -1.832080925174648822e+00 -6.557996748383210402e-03 -4.420987842263727347e-02 -3.378782722231021274e-01 -5.238230455415240350e-01 4.567418376066808561e-01 5.219707066085917113e-02 -1.482051938956944603e-03 8.876367117491646974e-01 -1.182969691714367139e-01 -3.595702256131946047e-03 4.619097392698133797e-01 1.367127664175311896e-01 4.431722859739746223e-01 1.250540263664996210e-01 -5.586385049675215465e-03 -6.593960109629871946e-02 -4.610006058632918485e-02 -3.031866867114709763e-01 -4.537772894513251998e-02 -2.993836108579879252e-01 -2.086967140000424714e-01 -6.465424503819190427e-01
-9.561339162018358227e-05 -3.648154170573176050e-03 -1.100049792122223709e-02 -3.247791282643413754e-03 1.513482017664466049e-03 -3.353223801512243973e-01 -1.351819298780663516e-02 7.942931217315117587e-03 -8.190346384409574743e-01 -2.907424824409699828e-03 -2.101371267979549803e-02 -2.125924681060833987e-02 4.607951204306689509e-03 -5.970165076211539183e-03 -1.551226454059825510e+00 5.061657195202325446e-03 -6.557996748383210402e-03 -1.622432890022041274e+00 -1.349507645781021011e-05 -1.572507160916256780e-03 -6.681054576963843528e-03 2.366367530703802815e-03 1.057261828453005944e-03 -2.016770505782841394e-01 1.217230403764510242e-02 5.047035586608800660e-03 -5.560312489664287483e-01 -7.308228676525215795e-01 -6.178635119554001243e-01 7.287024353153664924e-01 6.029499384005629903e-01 4.286244342838111234e-04 7.498953773764649184e-04 2.612359104431846019e-02 1.381354797972944026e-01 -2.682271695647604065e-02 -1.463876202053430164e-01 -1.014719579320559062e-01 -2.520633344980601764e-01
2.014543715917977984e+00 3.151770415645981149e+00 3.367116643804485498e+00 3.748412203501064743e-01 -9.461180144641558876e-01 4.344330256009416164e-02 9.369822569832547687e-02 -1.426878585125172849e+00 6.826301129698594816e-02 2.165361868462145623e-02 5.714502626611421832e-01 1.059040831615475575e+00 -1.966216477181363942e+00 2.711937272944504596e-01 5.061657195202325446e-03 -3.353193523671819776e+00 5.865494609853760810e-01 1.844587300693106488e-02 -1.751201070235215984e-01 -8.336804773493642351e-01 -8.244742260612747398e-01 2.593981041304150859e-01 3.092171049196014709e-01 -4.983477645606926472e-03 -3.778854094945053865e-01 4.676819830400303912e-01 -3.988194983396380414e-03 1.348877483424242019e-01 5.913418554953646655e-01 1.321438880922137515e-01 5.831852404045356764e-01 -3.205538899186071711e-01 -7.310516472479464678e-01 -2.371661502044860870e-01 -4.384357206817178776e-01 -2.429695741953105670e-01 -4.484587247500688156e-01 9.971524897704574508e-01 1.763125726127658055e+00
-1.551542776116160871e+00 -2.437543850956534364e+00 -2.621201211729252911e+00 -9.801467741120420962e-01 -1.669881187063562700e-01 -4.017977052296612533e-02 -1.489708684228691959e+00 -7.250081527855369856e-01 -7.185364045551721757e-02 -1.701702621307821239e-02 -4.508474110929129308e-01 -8.409943682559899436e-01 2.711937272944504596e-01 -1.832080925174648822e+00 -6.557996748383210402e-03 5.865494609853760810e-01 -3.076748839533138380e+00 -2.389888736740265057e-02 -1.169986927416571953e-01 -6.373792304972447642e-01 -9.855023051828846192e-01 5.326487636072061438e-01 -1.683449979878600122e-01 -4.667370356334206612e-03 1.334612184447132588e+00 -6.515079721137617685e-01 -1.467192411663130643e-02 6.029822360701021511e-01 3.970441008925447157e-01 5.772769929486205598e-01 3.777190365501356673e-01 -3.270964478537242981e-02 -1.371233150744183005e-01 -2.922091343723617340e-01 -8.080671054259490615e-01 -2.905695176378481626e-01 -8.046957279676278940e-01 -1.182716810792771467e+00 -1.898542420135548525e+00
-4.208920543767805523e-04 -1.509172880894981729e-02 -4.047319485770638214e-02 -4.982317312842711801e-03 -2.890880902610600597e-03 -9.030638734848299709e-01 -2.114919553186535642e-02 -3.004095113574832727e-03 -1.849078391433595758e+00 -4.884293733358929844e-04 -1.539343742789524468e-02 -3.629920489808502460e-02 5.061657195202325446e-03 -6.557996748383210402e-03 -1.622432890022041274e+00 1.844587300693106488e-02 -2.389888736740265057e-02 -2.622094817190855132e+00 -6.154054911985616368e-05 -3.160686186020110564e-03 -1.400937174678093533e-02 3.147419972529667299e-03 6.938236499905480262e-04 -4.014592779299357983e-01 2.349719790260752089e-02 3.450862631198295307e-03 -1.153195855661620639e+00 -9.191764585899914186e-01 -1.142468376204097025e+00 9.134209477080582618e-01 1.111506445720274572e+00 2.432732310669100638e-03 2.761111015427975424e-03 1.654612214459577901e-01 3.924127104601323746e-01 -1.718122036147482490e-01 -4.198644236617233294e-01 -5.904148661004254839e-01 -7.697339906826180522e-01
-1.579587402045131568e-17 -1.360295093479918927e-06 -6.064225866386286842e-03 -5.702603119767461218e-06 7.882433590563492422e-08 -2.233813167588836364e-10 -2.350616201532089444e-02 3.258558735688285514e-04 -2.667557947003750354e-06 -1.239021998032414810e-05 -4.063826772265752979e-02 -1.096453437293413574e-01 -6.651579022471992841e-02 -4.420987842263727347e-02 -1.349507645781021011e-05 -1.751201070235215984e-01 -1.169986927416571953e-01 -6.154054911985616368e-05 1.394464791370245216e+01 -1.743280214003700035e+00 -3.270167174826449918e-01 4.841497250389555085e-02 1.981004089035131449e-04 -1.301757944389306514e-03 8.133415688556267301e-03 3.327964244021489526e-05 -2.186872766838195072e-04 -3.509099668299347401e-04 -3.491109034418569262e-02 -3.713648653818229541e-04 -3.544971050872116475e-02 -1.043938626297567784e-01 -1.812093599952757095e-01 -1.069298774559945264e-01 -1.834195888508164951e-01 -1.070265784617736443e-01 -1.834961160536124902e-01 -1.440875240653770535e-05 -1.454458895084458775e-02
-3.287978655966405646e-04 -9.087044699796230363e-03 -1.073324743905367529e-01 -1.689193456060546564e-02 4.096520213861379106e-04 -4.317655520974211493e-05 -2.855909685323945180e-01 4.883811549172337001e-03 -6.101764095935236290e-04 -5.243209321901079467e-02 -4.322089083263918052e-01 -7.182591293185303094e-01 -4.276346378760184086e-01 -3.378782722231021274e-01 -1.572507160916256780e-03 -8.336804773493642351e-01 -6.373792304972447642e-01 -3.160686186020110564e-03 -1.743280214003700035e+00 -1.330669596383628805e+00 -1.531380480308791814e+00 3.499244747815365431e-01 1.431739679609489793e-03 -9.408603577092854164e-03 2.563758644037638645e-01 1.044822116803182516e-03 -6.893843564682943827e-03 -3.303840399921577353e-02 -2.788160607871175145e-01 -3.383963755984170652e-02 -2.810828471070834222e-01 -4.575809396490711500e-01 -8.675755387776380445e-01 -5.436971290558799685e-01 -9.468204528555729249e-01 -5.483028185951972500e-01 -9.500883226208886034e-01 -7.704120687429061656e-03 -1.531644683885524383e-01
-1.337596150680617768e-01 -3.163272380706508291e-01 -6.124728138014253753e-01 -2.576028185466723852e-01 9.953465442197745316e-03 -4.371892523821697442e-03 -8.335888602183387786e-01 2.193804890948761882e-02 -1.172387890074133923e-02 -1.890304147160232207e-01 -9.752964730360732526e-01 -1.428361631652674379e+00 -3.362585065251043615e-01 -5.238230455415240350e-01 -6.681054576963843528e-03 -8.244742260612747398e-01 -9.855023051828846192e-01 -1.400937174678093533e-02 -3.270167174826449918e-01 -1.531380480308791814e+00 -2.008410020172838539e+00 3.540614210012734131e-01 1.443814331363733189e-03 -9.520455283635178428e-03 6.162244397868481549e-01 1.786463133796618169e-03 -1.668723919218582930e-02 -2.092548307174534883e-01 -6.973614376663408443e-01 -2.097295135577823821e-01 -6.967104600687687999e-01 -5.479977827071498275e-01 -1.200548990848768316e+00 -6.882830300652258426e-01 -1.400078998032654898e+00 -6.969330818812133899e-01 -1.410104613344246527e+00 -1.804048146498439809e-01 -5.871713111076477531e-01
1.315990226934694082e-03 2.472944339893438231e-02 1.721842995616878758e-01 4.277646457680170378e-02 -1.179673881237917931e-03 1.334476651052291364e-04 4.003783450356747653e-01 -8.473448409812456283e-03 1.158347946741935825e-03 9.229386061344692360e-02 5.239781917342384299e-01 5.693315584013691755e-01 3.519897225220668391e-01 4.567418376066808561e-01 2.366367530703802815e-03 2.593981041304150859e-01 5.326487636072061438e-01 3.147419972529667299e-03 4.841497250389555085e-02 3.499244747815365431e-01 3.540614210012734131e-01 -1.609185439035202281e-01 -1.688804075763766267e-03 2.616823178486638122e-03 -9.965428432865436337e-01 -1.842377724545206895e-03 2.878997542343896682e-03 4.119449973655723435e-02 2.124378269054734147e-01 4.214332907992363042e-02 2.139193854328880207e-01 -3.217639423871970772e-01 -1.698557362812224691e-01 4.421328004758733748e-02 1.870065810555391617e-01 3.553887741856348592e-02 1.805276989654661102e-01 1.727610331816221284e-02 1.851019139043373896e-01
-1.783929324833870105e-05 -2.135725950629532659e-04 -1.474769509040898315e-03 -4.122215681079990620e-04 -3.327173369467343982e-03 -8.882134649089344039e-06 -4.266652860553881745e-03 -6.174688299327967672e-02 -1.077207664878797094e-04 5.950983574893171923e-02 2.948198294733189173e-01 2.615111701322310744e-01 3.217694186979426774e-01 5.219707066085917113e-02 1.057261828453005944e-03 3.092171049196014709e-01 -1.683449979878600122e-01 6.938236499905480262e-04 1.981004089035131449e-04 1.431739679609489793e-03 1.443814331363733189e-03 -1.688804075763766267e-03 -4.671178403750186892e-02 -6.351923985621708152e-04 -1.842377724545206895e-03 -8.709636187251836859e-01 -6.988310747971903780e-04 4.319430075889509751e-02 1.726927027467823061e-01 4.370744965425106543e-02 1.721992917252928856e-01 2.584729577581049154e-01 2.388426740167076956e-01 -3.314782665455996424e-01 -2.682925490872441476e-01 -3.223509610893584010e-01 -2.593584417109612295e-01 -3.831114524692238923e-03 -3.534293480022186740e-02
-1.382406420181998779e-07 -3.080432852186661678e-05 -5.845183971645074618e-04 -5.379939398912048743e-05 -6.303146812942437478e-06 -3.267575412056651814e-03 -1.583701004898631056e-03 -6.995402704425979093e-05 -6.153869493624106179e-02 -2.493975221697279526e-05 -1.507703450529528826e-03 -4.144338334180982381e-03 -1.484808203428797250e-03 -1.482051938956944603e-03 -2.016770505782841394e-01 -4.983477645606926472e-03 -4.667370356334206612e-03 -4.014592779299357983e-01 -1.301757944389306514e-03 -9.408603577092854164e-03 -9.520455283635178428e-03 2.616823178486638122e-03 -6.351923985621708152e-04 -4.611710793570772404e-02 2.878997542343896682e-03 -6.988310747971903780e-04 -8.703127925494138495e-01 -2.577663646427580044e-02 -1.039887700952827621e-01 2.667057649622175952e-02 1.036287731394502087e-01 6.148835411819883814e-03 2.260891862669358807e-03 4.331371519027776840e-01 3.472557035295379402e-01 -4.501857098378994615e-01 -3.669544195824440691e-01 -5.487420177684269873e-03 -5.165732841229506156e-02
4.853061608281412087e-01 1.001433781903068088e+00 1.523198591978466965e+00 6.850995852649321982e-01 -2.973570407239332566e-02 1.463165514529966155e-02 1.536227040311425096e+00 -5.241136715762145099e-02 3.329012675986676995e-02 3.334246489633671540e-01 1.519851643454611878e+00 1.811899636183135431e+00 -1.335570845993907241e-01 8.876367117491646974e-01 1.217230403764510242e-02 -3.778854094945053865e-01 1.334612184447132588e+00 2.349719790260752089e-02 8.133415688556267301e-03 2.563758644037638645e-01 6.162244397868481549e-01 -9.965428432865436337e-01 -1.842377724545206895e-03 2.878997542343896682e-03 -2.162306427024531796e+00 -4.864372229102385120e-03 1.158806925223698596e-02 3.300493693584917732e-01 8.625267764181853147e-01 3.301020050189948374e-01 8.590476942476737987e-01 -4.434821118479325142e-01 -4.177831671604432806e-01 5.263083840151470266e-02 3.756497277271313440e-01 4.093733422421921148e-02 3.653607853474734046e-01 5.266287467335921679e-01 1.204885597123138918e+00
-6.634597668138330143e-03 -1.012654537607830807e-02 -1.271336461888462367e-02 -5.982810254197640232e-03 -1.356604626818041226e-01 -1.267104137614041273e-03 -1.363486956737779490e-02 -4.452014623093776824e-01 -4.463743400303793636e-03 2.119965511239996769e-01 7.878232705550822779e-01 7.528189002359056969e-01 2.949234085661192606e-01 -1.182969691714367139e-01 5.047035586608800660e-03 4.676819830400303912e-01 -6.515079721137617685e-01 3.450862631198295307e-03 3.327964244021489526e-05 1.044822116803182516e-03 1.786463133796618169e-03 -1.842377724545206895e-03 -8.709636187251836859e-01 -6.988310747971903780e-04 -4.864372229102385120e-03 -1.671721634396478251e+00 -2.812820355439440197e-03 3.343845701220160005e-01 6.464225711460298562e-01 3.309282438092700507e-01 6.397791193312958313e-01 3.473652309536031102e-01 4.903517195405263651e-01 -4.709282828378701380e-01 -5.905743545069260803e-01 -4.601165871010886033e-01 -5.745112896574516848e-01 -1.077220205765963418e-01 -1.988579475669912111e-01
-4.984232530802954576e-05 -2.458231215290895746e-03 -9.267462834795152024e-03 -1.580323577747079142e-03 -1.043813603018554567e-03 -1.337828251244345956e-01 -1.018470119044331823e-02 -3.864956679675332629e-03 -4.422931394327667687e-01 -1.294138331064250086e-04 -4.945706572926022830e-03 -1.400937174678093533e-02 -9.354507753343249514e-04 -3.595702256131946047e-03 -5.560312489664287483e-01 -3.988194983396380414e-03 -1.467192411663130643e-02 -1.153195855661620639e+00 -2.186872766838195072e-04 -6.893843564682943827e-03 -1.668723919218582930e-02 2.878997542343896682e-03 -6.988310747971903780e-04 -8.703127925494138495e-01 1.158806925223698596e-02 -2.812820355439440197e-03 -1.669672595973299645e+00 -1.996670021763190805e-01 -3.900078787632845212e-01 2.016444723419739682e-01 3.837737566609719653e-01 8.551244860736750483e-03 6.434652459497302093e-03 6.154022493328106247e-01 7.638710698991998393e-01 -6.420611120677915951e-01 -8.100086752181616667e-01 -1.533281822119013649e-01 -2.904606508763739603e-01
-1.106865357708333069e-03 -2.411239353845547398e-02 -1.854997944300515456e-01 -2.276801785354028509e-02 3.131606140464272825e-02 -1.798759161036229265e-02 -2.392466920855739199e-01 3.329153510331037125e-01 -1.936678161617679805e-01 -1.582425206601373313e-01 -8.192498481697724211e-01 -9.865470160039967462e-01 1.296125285840560859e-01 4.619097392698133797e-01 -7.308228676525215795e-01 1.348877483424242019e-01 6.029822360701021511e-01 -9.191764585899914186e-01 -3.509099668299347401e-04 -3.303840399921577353e-02 -2.092548307174534883e-01 4.119449973655723435e-02 4.319430075889509751e-02 -2.577663646427580044e-02 3.300493693584917732e-01 3.343845701220160005e-01 -1.996670021763190805e-01 -1.252211347737744340e+00 -1.483270005215441723e+00 -8.277156910707403337e-02 -4.225886670570012105e-01 -2.748468797087943831e-03 -9.890537525673795405e-02 -1.212313969245447511e-04 -3.028782417586237119e-02 -3.094754189321379228e-03 -1.092091437445229934e-01 -1.261317348722808609e-02 -1.976658563194921836e-01
-3.465480355860294237e-01 -7.219504264357760048e-01 -1.171345432060603597e+00 -2.715542411759535035e-01 3.564595981859948193e-01 -2.093993301307788824e-01 -7.019409265014465715e-01 9.380462736518102584e-01 -5.576231194487004661e-01 -3.393552525073985082e-01 -1.607290576171784835e+00 -2.131517004354435141e+00 4.220209607030857013e-01 1.367127664175311896e-01 -6.178635119554001243e-01 5.913418554953646655e-01 3.970441008925447157e-01 -1.142468376204097025e+00 -3.491109034418569262e-02 -2.788160607871175145e-01 -6.973614376663408443e-01 2.124378269054734147e-01 1.726927027467823061e-01 -1.039887700952827621e-01 8.625267764181853147e-01 6.464225711460298562e-01 -3.900078787632845212e-01 -1.483270005215441723e+00 -2.393468534795705871e+00 -4.190277320180332277e-01 -1.134743216740535354e+00 -7.396453003524883218e-02 -3.611190068897219829e-01 -2.518557530818969770e-02 -2.102940700110282057e-01 -9.206439799397174439e-02 -4.467475560243027166e-01 -3.546260719537809858e-01 -9.561943787899761515e-01
-1.178538065118287089e-03 -2.489011466294838507e-02 -1.867850236336818237e-01 -2.352162347229419526e-02 3.199284433108130765e-02 1.867152824017886958e-02 -2.407758163071204993e-01 3.311740047151819355e-01 1.960879194316290375e-01 -1.581557001599424306e-01 -8.119250064066938499e-01 -9.742656375352237719e-01 1.279914932215167334e-01 4.431722859739746223e-01 7.287024353153664924e-01 1.321438880922137515e-01 5.772769929486205598e-01 9.134209477080582618e-01 -3.713648653818229541e-04 -3.383963755984170652e-02 -2.097295135577823821e-01 4.214332907992363042e-02 4.370744965425106543e-02 2.667057649622175952e-02 3.301020050189948374e-01 3.309282438092700507e-01 2.016444723419739682e-01 -8.277156910707403337e-02 -4.190277320180332277e-01 -1.216506750490770283e+00 -1.459761705620454597e+00 -2.953732616844885646e-03 -1.009353575103853901e-01 -3.141022970371483512e-03 -1.087557701678733557e-01 -1.244367842333419345e-04 -3.033133233208071267e-02 -7.753557996834219449e-04 -6.256617806592060238e-02
-3.524673887438583564e-01 -7.270428908701813686e-01 -1.167505355287175028e+00 -2.739441108945537273e-01 3.577350559325910284e-01 1.971177076630069580e-01 -7.009206240246638187e-01 9.326393216775598072e-01 5.279085450162057658e-01 -3.392616457780810446e-01 -1.600477298394348047e+00 -2.113265224438236611e+00 4.201192596276099311e-01 1.250540263664996210e-01 6.029499384005629903e-01 5.831852404045356764e-01 3.777190365501356673e-01 1.111506445720274572e+00 -3.544971050872116475e-02 -2.810828471070834222e-01 -6.967104600687687999e-01 2.139193854328880207e-01 1.721992917252928856e-01 1.036287731394502087e-01 8.590476942476737987e-01 6.397791193312958313e-01 3.837737566609719653e-01 -4.225886670570012105e-01 -1.134743216740535354e+00 -1.459761705620454597e+00 -2.357498204777331630e+00 -7.604918081266297258e-02 -3.653969467232123791e-01 -9.162901979146526044e-02 -4.418323685605289874e-01 -2.561914846391390166e-02 -2.107261034770862018e-01 -1.235400278824691361e-01 -5.213850893734490732e-01
-6.509971114657227638e-10 -2.131113451663495732e-06 -1.698159636842869321e-03 -6.185973787742092801e-06 1.277845021388393421e-06 3.069440250503808019e-08 -6.983326388304694592e-03 1.433448399534689981e-03 3.505985874207205794e-05 -3.958827083045310911e-04 -2.954394128853532475e-02 -1.426085969609506288e-01 -5.537692458030667869e-02 -5.586385049675215465e-03 4.286244342838111234e-04 -3.205538899186071711e-01 -3.270964478537242981e-02 2.432732310669100638e-03 -1.043938626297567784e-01 -4.575809396490711500e-01 -5.479977827071498275e-01 -3.217639423871970772e-01 2.584729577581049154e-01 6.148835411819883814e-03 -4.434821118479325142e-01 3.473652309536031102e-01 8.551244860736750483e-03 -2.748468797087943831e-03 -7.396453003524883218e-02 -2.953732616844885646e-03 -7.604918081266297258e-02 -2.134431297618439305e-01 -7.995367485894381288e-01 -6.177253166425047265e-02 -2.543599535532087286e-01 -6.216756209024761060e-02 -2.551024621558122818e-01 -4.207698639413453091e-06 -5.816432462551240218e-03
-6.819713761780052050e-03 -2.317023381108679683e-02 -7.958658809245267030e-02 -2.452040295022896166e-02 5.477365101135529303e-03 -1.224024626994482255e-04 -1.550256689332079330e-01 3.282024544819858725e-02 -1.832296368682816124e-04 -5.554311162698312432e-02 -3.255981769903663614e-01 -5.895368916032690532e-01 -2.530031820729027325e-01 -6.593960109629871946e-02 7.498953773764649184e-04 -7.310516472479464678e-01 -1.371233150744183005e-01 2.761111015427975424e-03 -1.812093599952757095e-01 -8.675755387776380445e-01 -1.200548990848768316e+00 -1.698557362812224691e-01 2.388426740167076956e-01 2.260891862669358807e-03 -4.177831671604432806e-01 4.903517195405263651e-01 6.434652459497302093e-03 -9.890537525673795405e-02 -3.611190068897219829e-01 -1.009353575103853901e-01 -3.653969467232123791e-01 -7.995367485894381288e-01 -1.367197315760070309e+00 -2.944673683447700530e-01 -7.104461937845439889e-01 -2.978015955463040321e-01 -7.146370228584296713e-01 -1.218354064174602402e-02 -9.286440901001774550e-02
-3.593335713200129561e-06 -5.771701728681193468e-04 -2.649488313811958207e-02 -1.205997529922187830e-03 -3.109841555788736664e-04 4.316618360420675115e-04 -7.836779171612666406e-02 -2.038396958606164197e-02 2.812600774815008850e-02 -4.156855642170338813e-04 -3.393796302638715789e-02 -1.772067719091778848e-01 -3.742973934124127489e-02 -4.610006058632918485e-02 2.612359104431846019e-02 -2.371661502044860870e-01 -2.922091343723617340e-01 1.654612214459577901e-01 -1.069298774559945264e-01 -5.436971290558799685e-01 -6.882830300652258426e-01 4.421328004758733748e-02 -3.314782665455996424e-01 4.331371519027776840e-01 5.263083840151470266e-02 -4.709282828378701380e-01 6.154022493328106247e-01 -1.212313969245447511e-04 -2.518557530818969770e-02 -3.141022970371483512e-03 -9.162901979146526044e-02 -6.177253166425047265e-02 -2.944673683447700530e-01 -6.178906929893850375e-01 -1.065781358973816317e+00 -7.200292811968983520e-02 -3.206608664376916495e-01 -3.843191761274804838e-04 -3.990331479735402531e-02
-7.289957518083067800e-02 -1.811832090563056941e-01 -3.872487065957296304e-01 -1.427829264801865894e-01 -3.286616218336368273e-02 4.716228992514759355e-02 -5.271246391091867212e-01 -1.297346732265441949e-01 1.795414310219165532e-01 -5.771919720963383099e-02 -3.877196258414096208e-01 -7.428222074944172970e-01 -1.301864078794566781e-01 -3.031866867114709763e-01 1.381354797972944026e-01 -4.384357206817178776e-01 -8.080671054259490615e-01 3.924127104601323746e-01 -1.834195888508164951e-01 -9.468204528555729249e-01 -1.400078998032654898e+00 1.870065810555391617e-01 -2.682925490872441476e-01 3.472557035295379402e-01 3.756497277271313440e-01 -5.905743545069260803e-01 7.638710698991998393e-01 -3.028782417586237119e-02 -2.102940700110282057e-01 -1.087557701678733557e-01 -4.418323685605289874e-01 -2.543599535532087286e-01 -7.104461937845439889e-01 -1.065781358973816317e+00 -1.771446629494324299e+00 -3.235400771851529300e-01 -8.416276673778961825e-01 -8.252727995968289765e-02 -3.417722760218241396e-01
-2.974823957732524111e-06 -5.166635315444341155e-04 -2.534951212236016133e-02 -1.087626689491951772e-03 -2.683358192467260933e-04 -3.988910993864558927e-04 -7.561514232928408241e-02 -1.878312830392906210e-02 -2.772550277705549543e-02 -4.116235106165262335e-04 -3.393609255584904144e-02 -1.788229854150290565e-01 -3.799299785499631044e-02 -4.537772894513251998e-02 -2.682271695647604065e-02 -2.429695741953105670e-01 -2.905695176378481626e-01 -1.718122036147482490e-01 -1.070265784617736443e-01 -5.483028185951972500e-01 -6.969330818812133899e-01 3.553887741856348592e-02 -3.223509610893584010e-01 -4.501857098378994615e-01 4.093733422421921148e-02 -4.601165871010886033e-01 -6.420611120677915951e-01 -3.094754189321379228e-03 -9.206439799397174439e-02 -1.244367842333419345e-04 -2.561914846391390166e-02 -6.216756209024761060e-02 -2.978015955463040321e-01 -7.200292811968983520e-02 -3.235400771851529300e-01 -6.454950728371349200e-01 -1.083953102120057688e+00 -6.426712852667194886e-03 -1.239295047752546064e-01
-6.922641596220577287e-02 -1.751324628303551068e-01 -3.823764585603857125e-01 -1.386878235048172869e-01 -3.119272333600324812e-02 -5.209719628663026653e-02 -5.225407312975623997e-01 -1.262014389234837608e-01 -1.983726970948468393e-01 -5.755405905222196750e-02 -3.877513028736200296e-01 -7.476158616809341906e-01 -1.335301835333768949e-01 -2.993836108579879252e-01 -1.463876202053430164e-01 -4.484587247500688156e-01 -8.046957279676278940e-01 -4.198644236617233294e-01 -1.834961160536124902e-01 -9.500883226208886034e-01 -1.410104613344246527e+00 1.805276989654661102e-01 -2.593584417109612295e-01 -3.669544195824440691e-01 3.653607853474734046e-01 -5.745112896574516848e-01 -8.100086752181616667e-01 -1.092091437445229934e-01 -4.467475560243027166e-01 -3.033133233208071267e-02 -2.107261034770862018e-01 -2.551024621558122818e-01 -7.146370228584296713e-01 -3.206608664376916495e-01 -8.416276673778961825e-01 -1.083953102120057688e+00 -1.799008324861648189e+00 -2.442454021176489465e-01 -6.501572608247307983e-01
-1.068048859554738383e+00 -2.286546114770169336e+00 -2.858698465217118567e+00 -1.212810495100956204e-01 -1.218818858372191283e+00 -1.867376156382198227e+00 -1.585682313070213567e-01 -1.708036482200560258e+00 -2.604431063832885584e+00 -2.145474231228300908e-03 -1.513301460957977573e-01 -7.269268210925922125e-01 1.784258780876888384e-01 -2.086967140000424714e-01 -1.014719579320559062e-01 9.971524897704574508e-01 -1.182716810792771467e+00 -5.904148661004254839e-01 -1.440875240653770535e-05 -7.704120687429061656e-03 -1.804048146498439809e-01 1.727610331816221284e-02 -3.831114524692238923e-03 -5.487420177684269873e-03 5.266287467335921679e-01 -1.077220205765963418e-01 -1.533281822119013649e-01 -1.261317348722808609e-02 -3.546260719537809858e-01 -7.753557996834219449e-04 -1.235400278824691361e-01 -4.207698639413453091e-06 -1.218354064174602402e-02 -3.843191761274804838e-04 -8.252727995968289765e-02 -6.426712852667194886e-03 -2.442454021176489465e-01 -4.988489350463690464e+00 -3.552056662934676368e+00
-2.196123678969655213e+00 -3.629355110208185575e+00 -4.373061978048437659e+00 -1.290695353710104021e-01 -6.143084587336083979e-01 -1.015644646551540520e+00 -1.915147014408897230e-01 -1.176293908131628374e+00 -1.883822181003949714e+00 -9.504189124280074119e-02 -7.989524173136970386e-01 -1.718723077944696254e+00 6.096136554257700624e-01 -6.465424503819190427e-01 -2.520633344980601764e-01 1.763125726127658055e+00 -1.898542420135548525e+00 -7.697339906826180522e-01 -1.454458895084458775e-02 -1.531644683885524383e-01 -5.871713111076477531e-01 1.851019139043373896e-01 -3.534293480022186740e-02 -5.165732841229506156e-02 1.204885597123138918e+00 -1.988579475669912111e-01 -2.904606508763739603e-01 -1.976658563194921836e-01 -9.561943787899761515e-01 -6.256617806592060238e-02 -5.213850893734490732e-01 -5.816432462551240218e-03 -9.286440901001774550e-02 -3.990331479735402531e-02 -3.417722760218241396e-01 -1.239295047752546064e-01 -6.501572608247307983e-01 -3.552056662934676368e+00 -4.515461026350713780e+00
